cam0:
  camera_model: pinhole
  intrinsics: [1054.53955078, 652.446980371, 1048.3359375, 353.861374166]
  #distortion_model: equidistant
  distortion_model: radtan
  distortion_coeffs: [-0.155732627818, -0.53686790473, -0.000671961461691, 0.0000217703828868, 2.45246823116]
  resolution: [1280, 738]
  rostopic: /annotated_images
  tagtopic: /detector/tags
  rig_body: rig
