4.12
  0.981121  0.0484217  -0.187237  0.0478866
-0.0573037    0.99746 -0.0423165   0.015809
  0.184712   0.052247   0.981403  0.0171846
4.14
  0.980399  0.0493104  -0.190752  0.0490654
-0.0587752   0.997289 -0.0442793  0.0176528
  0.188052  0.0546229   0.980639  0.0180039
4.16
    0.9799  0.0498921  -0.193151   0.048912
-0.0594534    0.99726  -0.044022  0.0171381
  0.190426  0.0546207   0.980181  0.0180477
4.18
  0.979105  0.0499856  -0.197114  0.0510196
-0.0596606   0.997273 -0.0434507  0.0165306
  0.194405  0.0543028   0.979417  0.0187784
4.2
  0.978479  0.0509491  -0.199959  0.0521792
-0.0608928   0.997179 -0.0438934  0.0168212
  0.197158  0.0551248   0.978821  0.0191833
4.22
  0.977979  0.0517476  -0.202187   0.052874
-0.0619219   0.997096   -0.04432  0.0169378
  0.199306  0.0558638   0.978344  0.0193959
4.24
  0.977336  0.0523415  -0.205121  0.0540676
-0.0628501   0.997006 -0.0450509  0.0172967
  0.202149  0.0569217   0.977699  0.0199904
4.26
  0.976579  0.0532526  -0.208464  0.0556932
-0.0641711    0.99688 -0.0459636  0.0177012
  0.205366  0.0582645   0.976949  0.0207199
4.28
  0.975871  0.0542579  -0.211498  0.0573412
-0.0656677    0.99672 -0.0472974  0.0183308
  0.208238  0.0600447   0.976233   0.021495
4.3
  0.975264  0.0551455  -0.214052  0.0584704
-0.0669946   0.996574 -0.0484974  0.0185303
  0.210644  0.0616381   0.975618  0.0220277
4.32
  0.974658  0.0563074  -0.216499  0.0594075
-0.0685918   0.996409 -0.0496459  0.0184938
  0.212926  0.0632378    0.97502   0.022436
4.34
  0.974021  0.0575979   -0.21901  0.0602595
-0.0703568   0.996222 -0.0509052  0.0184613
  0.215251  0.0649916   0.974394  0.0226488
4.36
   0.97367  0.0587392  -0.220263  0.0600111
-0.0717367   0.996094 -0.0514753  0.0179287
  0.216379  0.0659209   0.974081  0.0230462
4.38
  0.972903  0.0603612  -0.223195  0.0609679
-0.0738253    0.99589  -0.052473  0.0181577
   0.21911  0.0675286    0.97336  0.0233025
4.42
  0.971382  0.0633641  -0.228913  0.0621447
-0.0775917   0.995539 -0.0536874  0.0182858
   0.22449  0.0699127   0.971965  0.0233797
4.44
  0.970471  0.0647088  -0.232377  0.0632437
-0.0794239   0.995349 -0.0545267  0.0188826
  0.227768  0.0713729   0.971096  0.0238193
4.46
  0.969641  0.0662534  -0.235386  0.0639256
-0.0813465   0.995168 -0.0549892  0.0190765
  0.230605  0.0724676   0.970345  0.0239459
4.48
  0.968861  0.0675006  -0.238225  0.0643934
-0.0829206   0.995021 -0.0553009  0.0191758
  0.233306  0.0733327   0.969634  0.0239052
4.5
  0.968039  0.0685094   -0.24126   0.065189
-0.0843473   0.994865 -0.0559308  0.0195648
   0.23619  0.0744929   0.968847  0.0241841
4.52
  0.967205  0.0698027  -0.244217   0.066004
 -0.086064   0.994684 -0.0565477  0.0198501
  0.238972  0.0757115    0.96807  0.0244095
4.54
 0.966333  0.071369 -0.247199 0.0668253
-0.088139  0.994451 -0.057438 0.0204148
 0.241728 0.0772922  0.967261 0.0247592
4.56
  0.965564  0.0722163  -0.249944  0.0672602
-0.0894282   0.994292 -0.0581911  0.0209452
  0.244315  0.0785392    0.96651   0.024856
4.58
  0.964869  0.0722379  -0.252605  0.0674525
 -0.089654   0.994276 -0.0581144  0.0206957
  0.246961  0.0787198   0.965823  0.0246213
4.6
   0.96408  0.0719204  -0.255691   0.068077
-0.0896593   0.994259 -0.0583957  0.0208987
  0.250023  0.0792232   0.964993  0.0249198
4.62
  0.963459  0.0714988  -0.258137   0.068003
-0.0894247   0.994282 -0.0583685  0.0205698
  0.252488  0.0793195   0.964344  0.0247232
4.64
  0.963277  0.0710509   -0.25894  0.0673692
  -0.08867   0.994429 -0.0569964  0.0192218
  0.253448  0.0778636    0.96421  0.0247932
4.66
  0.962503   0.070829  -0.261861  0.0678572
-0.0887724   0.994401 -0.0573253  0.0194508
  0.256334  0.0784218   0.963402  0.0248869
4.68
  0.961842  0.0701634  -0.264457  0.0679935
-0.0883363   0.994433 -0.0574487  0.0195073
  0.258954  0.0786178   0.962685  0.0248513
4.7
  0.961097  0.0691819  -0.267406  0.0686475
-0.0877035    0.99446 -0.0579377  0.0198345
  0.261916  0.0791362   0.961841  0.0252834
4.72
   0.96042  0.0685456  -0.269992   0.069013
 -0.087271   0.994497 -0.0579583  0.0197004
  0.264534  0.0792268   0.961117  0.0256515
4.74
  0.959799  0.0683134   -0.27225  0.0690603
-0.0872297   0.994499 -0.0579809  0.0194953
  0.266791  0.0793983   0.960478  0.0258681
4.76
  0.958997  0.0685734  -0.274996  0.0697251
-0.0878373   0.994425 -0.0583451  0.0197205
  0.269461  0.0801077   0.959674  0.0264252
4.8
  0.957482  0.0700242  -0.279865  0.0710536
-0.0899861   0.994187 -0.0591104   0.020277
  0.274099  0.0817811   0.958218  0.0276661
4.82
  0.956873  0.0705584  -0.281808  0.0714509
-0.0907964   0.994097 -0.0593978  0.0204423
  0.275953  0.0824233    0.95763  0.0281382
4.84
  0.956271  0.0710052  -0.283733  0.0717617
-0.0914457   0.994034 -0.0594403  0.0202952
   0.27782  0.0827872   0.957059  0.0286281
4.86
  0.955711   0.071408  -0.285511  0.0720174
-0.0920641   0.993969 -0.0595749  0.0203146
  0.279535  0.0832217   0.956522  0.0291222
4.88
  0.955202  0.0716006  -0.287164  0.0720687
-0.0924596   0.993923 -0.0597287  0.0203446
  0.281143  0.0836041   0.956017  0.0295664
4.94
  0.953268  0.0711318  -0.293633  0.0722005
-0.0924346   0.993951 -0.0593034  0.0197231
  0.287638  0.0836738   0.954077   0.031369
4.96
  0.952578  0.0705445  -0.296003  0.0722424
-0.0920413   0.993987 -0.0593111  0.0195356
  0.290039   0.083743   0.953344  0.0323024
4.98
  0.952264  0.0699523  -0.297153  0.0717177
-0.0910508    0.99417 -0.0577477  0.0177603
  0.291381  0.0820471   0.953082  0.0329103
5
  0.951405  0.0699413  -0.299896  0.0720464
-0.0913337   0.994136 -0.0579006  0.0178108
  0.294087  0.0824775   0.952213  0.0338898
5.02
  0.950664  0.0694757  -0.302344  0.0721829
-0.0911251   0.994144  -0.058081  0.0178579
  0.296538  0.0827666   0.951428  0.0347247
5.04
  0.949854  0.0691005  -0.304965   0.072491
-0.0909913   0.994153 -0.0581445  0.0177023
  0.299164  0.0829779   0.950587  0.0356988
5.06
  0.949007  0.0692648  -0.307552  0.0727969
-0.0914236   0.994109 -0.0582174  0.0175143
  0.301708  0.0833662   0.949749  0.0366019
5.08
  0.948072    0.06972  -0.310322  0.0733099
-0.0922551   0.994014 -0.0585257  0.0179067
  0.304384  0.0841153   0.948828  0.0376482
5.1
  0.947245   0.070283  -0.312708  0.0736414
-0.0931128   0.993926 -0.0586636  0.0179519
  0.306686   0.084686   0.948036  0.0387223
5.12
   0.94617  0.0714649  -0.315683   0.074806
-0.0948641   0.993718  -0.059368  0.0186382
  0.309457  0.0861192   0.947006  0.0401975
5.14
  0.945262  0.0730471  -0.318032  0.0761455
-0.0970171   0.993462 -0.0601734  0.0193163
  0.311557  0.0877342   0.946169  0.0418255
5.16
  0.944661  0.0743321  -0.319516  0.0766214
-0.0985959   0.993291 -0.0604236  0.0192379
  0.312881  0.0885828   0.945652   0.043177
5.18
  0.944126  0.0758479  -0.320738  0.0762545
 -0.100224   0.993144 -0.0601614  0.0185307
  0.313977  0.0889456   0.945255  0.0440439
5.2
  0.943335  0.0772823  -0.322719  0.0763409
 -0.101964   0.992961 -0.0602616  0.0183892
   0.31579  0.0897525   0.944575  0.0453266
5.22
  0.942442   0.077916  -0.325166  0.0767407
 -0.102995   0.992833 -0.0606123  0.0185381
  0.318113   0.090614   0.943712  0.0468797
5.24
  0.941608  0.0785426  -0.327423  0.0767455
 -0.103921    0.99273 -0.0607213  0.0183462
  0.320274   0.091202   0.942925  0.0481637
5.26
  0.940562   0.079209  -0.330256  0.0773408
 -0.105007   0.992599 -0.0609925  0.0183783
   0.32298  0.0920465   0.941919  0.0499926
5.28
  0.939646  0.0796446   -0.33275  0.0773026
 -0.105807     0.9925 -0.0612282  0.0182612
  0.325378  0.0927401   0.941025  0.0512807
5.3
  0.938728  0.0801384  -0.335213  0.0769646
  -0.10654    0.99243 -0.0610966  0.0178292
  0.327779  0.0930666   0.940159  0.0525579
5.32
  0.937522  0.0807797  -0.338419  0.0775851
 -0.107523   0.992329 -0.0610055  0.0174564
  0.330895  0.0935819   0.939016  0.0546613
5.36
  0.936895  0.0820934  -0.339837  0.0737131
 -0.108167   0.992412 -0.0584702  0.0137064
  0.332458  0.0915395   0.938665   0.056847
5.38
  0.935677   0.082623  -0.343048  0.0728327
   -0.1087   0.992412 -0.0574611  0.0124345
  0.335698  0.0910543   0.937559  0.0578657
5.4
  0.933957   0.083245  -0.347554  0.0730868
 -0.109734   0.992314 -0.0572037  0.0120013
  0.340121  0.0915642   0.935913  0.0593527
5.42
  0.932267  0.0847189  -0.351711  0.0725597
 -0.111672   0.992107 -0.0570285  0.0115465
  0.344104   0.092442    0.93437  0.0610236
5.44
  0.930453  0.0859147  -0.356197  0.0725103
 -0.113357   0.991926 -0.0568559  0.0109736
  0.348436   0.093279    0.93268  0.0625866
5.46
  0.928178  0.0863407  -0.361982  0.0739918
 -0.114742    0.99172 -0.0576692  0.0113739
  0.354006  0.0950618   0.930399   0.064857
5.48
  0.926588  0.0865431  -0.365985  0.0731572
 -0.115362   0.991653 -0.0575775  0.0106745
  0.357947  0.0955715   0.928838  0.0658624
5.5
 0.924697 0.0869138  -0.37065 0.0725036
-0.116056  0.991605 -0.057015 0.0096413
 0.362583 0.0957378  0.927021 0.0671742
5.52
  0.922988   0.087722  -0.374698  0.0719642
 -0.116748   0.991613 -0.0554337 0.00748053
  0.366693  0.0949099   0.925488  0.0676946
5.54
  0.920613  0.0896365  -0.380049  0.0727668
 -0.119496   0.991273 -0.0556646 0.00742282
  0.371743  0.0966599    0.92329  0.0700179
5.56
  0.918474  0.0918712  -0.384663  0.0732358
 -0.122666   0.990853 -0.0562423 0.00775967
  0.375978  0.0988421   0.921342  0.0722256
5.58
  0.916537   0.093878  -0.388777  0.0732429
 -0.125203   0.990551 -0.0559772 0.00711947
  0.379848  0.0999814    0.91963  0.0740152
5.6
  0.914548  0.0958228  -0.392962  0.0729141
 -0.127674   0.990253 -0.0556675 0.00637377
  0.383798   0.101082   0.917868  0.0755363
5.62
  0.912237    0.09793  -0.397786  0.0730789
 -0.130486   0.989893 -0.0555413 0.00582067
  0.388327   0.102572   0.915795  0.0773776
5.64
  0.909879   0.100264  -0.402575  0.0729593
  -0.13359   0.989482 -0.0554958 0.00552208
  0.392777   0.104274   0.913703  0.0788302
5.66
  0.907359    0.10231  -0.407716  0.0730508
 -0.136303   0.989132 -0.0551304 0.00496335
  0.397645   0.105596   0.911443  0.0805687
5.68
  0.904749   0.104368   -0.41296   0.073411
 -0.139296   0.988705 -0.0553044 0.00488248
  0.402524    0.10756   0.909068  0.0826333
5.7
  0.902481    0.10595  -0.417496  0.0734274
  -0.14158   0.988385 -0.0552212 0.00452664
  0.406796   0.108945   0.906999    0.08423
5.72
   0.90023   0.107006   -0.42206  0.0734391
 -0.143244   0.988158 -0.0550006 0.00411319
  0.411177   0.109971   0.904898  0.0859449
5.74
  0.898561   0.108318  -0.425271  0.0718965
 -0.144128   0.988147 -0.0528444 0.00151246
  0.414507   0.108777   0.903522  0.0861903
5.76
  0.896017   0.109785  -0.430233  0.0717965
 -0.146296   0.987841 -0.0526069 0.00109215
  0.419226   0.110078   0.901184  0.0881247
5.78
   0.893318     0.11159   -0.435351   0.0717386
  -0.148683    0.987518  -0.0519678 0.000311961
   0.424118    0.111153     0.89876   0.0898028
5.8
    0.890396     0.113842     -0.44072    0.0720256
   -0.151753      0.98707   -0.0516206 -0.000173685
    0.429145     0.112843     0.896159    0.0917258
5.84
    0.884789     0.119594    -0.450385    0.0730366
   -0.159506     0.985849   -0.0515722 -0.000487889
    0.437844      0.11747     0.891344    0.0959701
5.88
   0.879801    0.124154   -0.458842   0.0729614
   -0.16547    0.984907  -0.0507809 -0.00167949
   0.445612    0.120602    0.887066   0.0994369
5.9
   0.877045    0.126795   -0.463373   0.0727199
   -0.16869    0.984404  -0.0499191 -0.00254035
   0.449817    0.121948    0.884756    0.101124
5.92
   0.874075    0.129231   -0.468286   0.0723559
  -0.171644    0.983947  -0.0488451 -0.00349844
   0.454456    0.123073    0.882226    0.102659
5.94
   0.871424    0.130969   -0.472723   0.0713874
  -0.173721    0.983638  -0.0477187 -0.00462576
   0.458739    0.123705    0.879918    0.103417
5.98
   0.864768    0.135335   -0.483592   0.0726951
  -0.180061    0.982531  -0.0470233 -0.00500698
    0.46878     0.12774    0.874029    0.108164
6
     0.8622    0.137128   -0.487655    0.072923
  -0.182756    0.982035  -0.0469754 -0.00523119
   0.472453    0.129624    0.871772    0.110289
6.02
   0.859599    0.138971   -0.491708   0.0732896
   -0.18542    0.981547  -0.0467349 -0.00561348
    0.47614    0.131346    0.869505    0.112459
6.06
   0.854564    0.142444   -0.499429   0.0734861
  -0.190338    0.980641  -0.0459927 -0.00665125
   0.483209    0.134364    0.865133    0.116598
6.08
    0.85175    0.144057   -0.503756   0.0737765
  -0.192729    0.980194  -0.0455646 -0.00712913
   0.487214    0.135898    0.862644    0.118835
6.1
   0.848784    0.146147   -0.508141   0.0742876
  -0.195866    0.979578  -0.0454317 -0.00706085
   0.491124    0.138089    0.860075    0.121379
6.12
    0.84677     0.14799   -0.510959    0.073621
  -0.197411    0.979355  -0.0435007 -0.00905389
   0.493972    0.137704    0.858504    0.122089
6.14
  0.844722   0.149257  -0.513972  0.0732936
 -0.198688   0.979154 -0.0422026  -0.010426
  0.496959    0.13777   0.856768   0.123226
6.16
  0.842314   0.150093  -0.517668   0.073804
 -0.200215   0.978853 -0.0419682  -0.010826
  0.500422   0.138995   0.854552   0.125705
6.18
  0.840049   0.151506  -0.520925  0.0742014
 -0.202395    0.97841 -0.0418232  -0.011124
  0.503342   0.140566   0.852577   0.128094
6.2
  0.837987   0.152933  -0.523821  0.0741504
 -0.204278   0.978044 -0.0412485  -0.011802
  0.506012   0.141571   0.850829   0.130086
6.22
  0.835688   0.154336  -0.527073  0.0741732
 -0.206231   0.977656 -0.0407117 -0.0124356
  0.509013   0.142721   0.848844   0.132183
6.24
  0.833141   0.155936  -0.530622  0.0741391
 -0.208453   0.977209 -0.0401187 -0.0129591
  0.512273   0.144034   0.846658   0.134201
6.26
  0.830415    0.15747  -0.534429  0.0740615
 -0.210667   0.976758 -0.0395408 -0.0132835
  0.515781   0.145422   0.844288   0.136183
6.28
  0.827445   0.158871  -0.538605  0.0742256
 -0.212741   0.976336 -0.0388406 -0.0136052
  0.519689   0.146722   0.841663   0.138432
6.3
  0.824596   0.160886  -0.542363  0.0743734
 -0.214445   0.976054 -0.0365024 -0.0159813
  0.523503   0.146407   0.839351   0.139399
6.32
  0.821766   0.163457  -0.545877  0.0744429
 -0.217728   0.975356 -0.0357094 -0.0166859
  0.526588   0.148198   0.837104    0.14131
6.54
   0.79609   0.169236  -0.581034  0.0765642
 -0.221085   0.975071 -0.0189085 -0.0171483
   0.56335   0.143511    0.81366   0.164414
6.62
  0.787827   0.169938  -0.591988  0.0768789
 -0.220669   0.975252 -0.0137108 -0.0197417
  0.575008   0.141435    0.80583   0.171865
6.64
  0.784366   0.169608  -0.596661  0.0786037
 -0.219187   0.975623 -0.0108092 -0.0229248
  0.580283   0.139258   0.802421   0.172904
6.66
  0.781595   0.168845    -0.6005  0.0785696
 -0.218612   0.975759 -0.0101811 -0.0237589
  0.584224   0.139234    0.79956   0.174538
6.68
  0.778935   0.168055  -0.604167  0.0784719
  -0.21837   0.975814 -0.0101061 -0.0245764
  0.587856   0.139804   0.796794   0.176016
6.7
  0.776496   0.167562  -0.607434  0.0783651
 -0.218618   0.975756 -0.0103002 -0.0255963
  0.590982   0.140794   0.794303   0.177493
6.72
  0.773972   0.166344  -0.610981  0.0789931
 -0.218622   0.975744 -0.0112904 -0.0258993
  0.594283   0.142312   0.791565   0.179422
6.74
  0.772064   0.165832  -0.613528  0.0786596
 -0.219011    0.97565 -0.0118918 -0.0262682
  0.596617    0.14355   0.789583    0.18054
6.76
  0.769902   0.165203  -0.616409  0.0789771
 -0.218927   0.975668 -0.0119538 -0.0266488
  0.599435   0.144152   0.787336   0.182388
6.8
  0.765178    0.16331  -0.622762  0.0793608
  -0.21747   0.976002 -0.0112608 -0.0284795
  0.605978   0.144049   0.782331   0.185597
6.82
  0.761687   0.162776  -0.627166  0.0803294
 -0.217998   0.975882 -0.0114747 -0.0286943
  0.610172   0.145461   0.778801    0.18791
6.86
   0.75656   0.163475  -0.633161  0.0799341
 -0.219365   0.975589 -0.0102322 -0.0296352
  0.616032   0.146634   0.773952   0.190637
6.88
   0.754122    0.164288   -0.635853   0.0800861
  -0.218462    0.975821 -0.00696886  -0.0333057
   0.619334    0.144165    0.771779    0.189215
6.9
  0.751245   0.164622  -0.639164  0.0800231
 -0.219083   0.975687 -0.0062043 -0.0337973
  0.622602   0.144691   0.769046   0.190822
6.92
   0.748218    0.164948   -0.642621   0.0800488
   -0.21953    0.975592 -0.00518992  -0.0343424
    0.62608    0.144958    0.766167    0.192537
6.94
   0.745131    0.165345   -0.646096   0.0802105
  -0.220083    0.975472 -0.00418156  -0.0347129
   0.629558    0.145311    0.763244    0.194631
6.96
  0.742244   0.166076  -0.649224  0.0802022
 -0.220912   0.975289 -0.0030792 -0.0352269
   0.63267   0.145707   0.760591   0.196622
6.98
   0.739174    0.166719   -0.652554   0.0804831
   -0.22171    0.975111 -0.00201106  -0.0355915
   0.635977    0.146164    0.757739    0.198823
7
    0.736082     0.167887    -0.655741    0.0805581
   -0.222791     0.974866 -0.000495514   -0.0358594
    0.639177     0.146458     0.754986     0.201047
7.02
  0.732583   0.169375  -0.659268   0.081776
  -0.22249    0.97493    0.00324 -0.0386806
  0.643289   0.144307   0.751901   0.201716
7.04
  0.729664   0.170757  -0.662142  0.0818318
 -0.223669   0.974653 0.00487237 -0.0391192
  0.646191   0.144545   0.749363   0.204018
7.06
  0.726688   0.171426  -0.665235  0.0819439
 -0.224522   0.974451 0.00584498 -0.0397727
  0.649241   0.145113   0.746611   0.206595
7.08
  0.723629    0.17203  -0.668406  0.0819908
 -0.225416    0.97424 0.00670386 -0.0403288
  0.652341   0.145818   0.743766   0.208921
7.1
  0.720288   0.172993  -0.671757  0.0819649
 -0.226552   0.973967 0.00789919 -0.0407487
  0.655636   0.146498   0.740729   0.211232
7.12
   0.71675   0.174078  -0.675253  0.0821535
 -0.227808   0.973663 0.00919974 -0.0410161
   0.65907   0.147234   0.737529   0.213706
7.14
  0.713126   0.175251  -0.678777  0.0823232
 -0.228865   0.973398  0.0108719 -0.0414672
  0.662626   0.147595   0.734264   0.216326
7.2
 0.701518  0.179629 -0.689642 0.0826384
 -0.23193  0.972577 0.0174011 -0.043442
 0.673856  0.147741  0.723941  0.224017
7.22
    0.6981   0.180641  -0.692838  0.0824639
 -0.233254   0.972241  0.0184636 -0.0444348
  0.676941   0.148718   0.720857   0.226317
7.24
  0.694756   0.180872  -0.696132  0.0826847
 -0.234255   0.971994  0.0187551 -0.0450618
  0.680029   0.150042   0.717669   0.228849
7.26
  0.691683    0.18138  -0.699054  0.0827178
 -0.235584   0.971668  0.0190146 -0.0458407
  0.682697   0.151534   0.714816   0.231157
7.28
  0.687987   0.181489  -0.702664  0.0839648
 -0.236008   0.971548  0.0198597 -0.0474802
  0.686276   0.152171   0.711245   0.233394
7.3
  0.684621   0.181703  -0.705888  0.0844574
 -0.236258   0.971465  0.0209246 -0.0492568
  0.689547   0.152447   0.708014    0.23602
7.32
  0.681371   0.181799  -0.709001   0.084674
 -0.237139   0.971246  0.0211447 -0.0501097
  0.692458   0.153725    0.70489   0.238625
7.34
  0.677914   0.182191  -0.712207  0.0849896
 -0.238381   0.970934  0.0214738 -0.0509804
  0.695418   0.155219   0.701641   0.241339
7.36
  0.674004   0.182031  -0.715949  0.0861726
 -0.238921   0.970792  0.0219024 -0.0521027
  0.699025   0.156293   0.697809   0.244016
7.38
  0.670406   0.181096  -0.719555  0.0865381
 -0.238699   0.970846  0.0219456 -0.0526393
  0.702551   0.157045   0.694088   0.246635
7.4
 0.666594  0.180521 -0.723232 0.0866441
-0.238762  0.970823 0.0222568 -0.053372
 0.706148  0.157844  0.690247  0.249211
7.42
  0.662618   0.179883  -0.727034  0.0867727
 -0.238682   0.970833  0.0226694 -0.0542014
  0.709907   0.158509   0.686227   0.251783
7.5
  0.645844   0.179995  -0.741949  0.0875009
 -0.242074   0.969946  0.0245881 -0.0577911
  0.724076   0.163727   0.670006   0.261721
7.52
  0.640396   0.180423  -0.746552  0.0895474
 -0.242338    0.96983  0.0265058 -0.0605432
  0.728811   0.163943   0.664799   0.264128
7.54
 0.636183  0.180768 -0.750063 0.0896703
-0.243682   0.96948 0.0269635  -0.06149
 0.732045  0.165623  0.660817  0.266571
7.56
  0.632009   0.180835  -0.753567  0.0896516
 -0.244683   0.969217  0.0273719 -0.0622577
  0.735319   0.167086   0.656801   0.268913
7.58
  0.627674   0.180726  -0.757207  0.0896845
 -0.245184   0.969071  0.0280511 -0.0631826
  0.738857   0.168048   0.652572   0.271414
7.6
  0.623085   0.180655  -0.761005  0.0899106
 -0.245788   0.968897  0.0287641 -0.0641554
  0.742532   0.169123   0.648108   0.274106
7.62
  0.618317    0.18073  -0.764867  0.0902015
 -0.246764    0.96863  0.0293926 -0.0651092
  0.746185   0.170568   0.643518   0.276965
7.64
   0.61361   0.181432  -0.768483  0.0903334
 -0.248564   0.968148  0.0301004 -0.0659553
  0.749466   0.172547   0.639162   0.279646
7.66
  0.608824   0.182258  -0.772085  0.0905205
 -0.250485   0.967627  0.0308986 -0.0667668
  0.752722   0.174584   0.634767   0.282476
7.68
  0.603997   0.183305   -0.77562  0.0906087
 -0.252488   0.967073  0.0319326 -0.0674847
  0.755934   0.176547   0.630392   0.285207
7.7
 0.598959   0.18454 -0.779226 0.0907866
-0.254141  0.966585 0.0335635  -0.06826
 0.759382  0.177931  0.625843  0.288116
7.72
  0.593844   0.186042  -0.782776  0.0909269
 -0.256108   0.966004  0.0352963 -0.0689058
  0.762731   0.179514   0.621302   0.290921
7.74
  0.588215   0.188455   -0.78644  0.0919669
 -0.257457    0.96551  0.0388019 -0.0715373
  0.766628   0.179651   0.616447   0.293103
7.76
  0.583135   0.190297  -0.789772   0.092115
 -0.259684   0.964834  0.0407383 -0.0724832
  0.769752   0.181335   0.612046   0.296054
7.78
  0.578494   0.191217  -0.792957  0.0914982
 -0.260516   0.964532  0.0425351 -0.0732861
  0.772966   0.181971   0.607792   0.298594
7.8
  0.572399   0.191313  -0.797345  0.0916575
 -0.260868   0.964366  0.0441152 -0.0736967
  0.777372    0.18275   0.601909   0.301522
7.82
  0.565909   0.192552  -0.801667  0.0918111
 -0.262471   0.963832  0.0462202 -0.0746509
  0.781572   0.184258   0.595981    0.30444
7.84
   0.55989    0.19365   -0.80562  0.0920742
 -0.263681   0.963399  0.0483232 -0.0758065
  0.785491   0.185371   0.590459   0.306817
7.86
  0.554577   0.194618  -0.809054   0.091952
 -0.265274   0.962887  0.0497871 -0.0763644
  0.788717    0.18701   0.585622   0.309457
7.88
  0.549369   0.195483  -0.812392   0.091981
 -0.266858   0.962379  0.0511146 -0.0768617
  0.791821   0.188712   0.580868   0.312278
7.9
  0.544258   0.196627  -0.815549  0.0920246
 -0.268608   0.961811  0.0526345 -0.0776972
  0.794753   0.190416   0.576289   0.315104
7.92
  0.539399   0.197447  -0.818574  0.0919653
  -0.27038   0.961255  0.0536961 -0.0779476
  0.797461   0.192362   0.571886   0.317941
7.94
   0.53466   0.198944  -0.821316  0.0917823
  -0.27241   0.960588  0.0553462 -0.0788902
  0.799957   0.194143   0.567783   0.320527
7.96
  0.530198   0.200322   -0.82387   0.091606
 -0.274039   0.960024  0.0570708 -0.0800047
  0.802367   0.195513   0.563898   0.323031
7.98
  0.525671   0.201339  -0.826518   0.091728
 -0.274652   0.959725  0.0591081 -0.0814847
  0.805131   0.195933   0.559798   0.326051
8
 0.522304  0.200879 -0.828762 0.0918868
-0.274475  0.959743 0.0596463 -0.081335
 0.807379  0.196321  0.556414  0.327468
8.02
  0.518452   0.201179  -0.831105  0.0919313
 -0.275087   0.959504  0.0606567 -0.0819552
  0.809651   0.197179   0.552798   0.330258
8.04
  0.514895   0.201384  -0.833263  0.0919164
 -0.275882   0.959231  0.0613536 -0.0824505
  0.811647   0.198292   0.549462   0.332969
8.06
  0.511608   0.201811  -0.835182  0.0919153
 -0.277202   0.958817  0.0618794 -0.0829295
  0.813275   0.199856   0.546481   0.335654
8.08
  0.508996   0.202374  -0.836641  0.0915243
  -0.27863   0.958375   0.062307 -0.0832726
  0.814425   0.201399   0.544197   0.337928
8.1
  0.506217   0.202817  -0.838218  0.0910699
 -0.279191   0.958152  0.0632275 -0.0840551
  0.815963   0.202016   0.541658   0.340069
8.12
  0.502802   0.203338  -0.840145  0.0906597
 -0.279585    0.95795  0.0645265 -0.0846476
  0.817938   0.202448   0.538509   0.342293
8.14
 0.498269  0.204228 -0.842626 0.0907322
-0.280165   0.95765  0.066436 -0.085337
 0.820509  0.202971  0.534385  0.345127
8.16
  0.494773    0.20537  -0.844407  0.0898094
 -0.281436   0.957175  0.0678918 -0.0851547
  0.822188   0.204055   0.531383   0.346645
8.18
   0.49024   0.205999  -0.846894   0.089573
 -0.281575   0.956998  0.0697859 -0.0855343
  0.824852   0.204253   0.527163   0.349073
8.2
  0.486029   0.207155  -0.849036   0.089007
  -0.28208   0.956689  0.0719447 -0.0861149
  0.827168   0.204529   0.523413   0.350886
8.22
  0.481206   0.208048  -0.851562  0.0887817
  -0.28233   0.956449  0.0741325 -0.0868048
  0.829898   0.204749   0.518987    0.35323
8.24
  0.476887   0.208879  -0.853785  0.0880743
 -0.282501   0.956239  0.0761521 -0.0871796
  0.832329   0.204879   0.515026   0.354794
8.26
  0.472412   0.209889  -0.856022  0.0875454
 -0.282886   0.955954  0.0782759 -0.0875849
  0.834747   0.205178   0.510979   0.356613
8.28
  0.468608   0.210933  -0.857854  0.0865456
 -0.283084   0.955723   0.080361 -0.0882954
  0.836821   0.205187   0.507571   0.358553
8.3
  0.464594    0.21148    -0.8599   0.085981
 -0.283123   0.955568  0.0820403 -0.0888662
  0.839043   0.205342   0.503826   0.360433
8.32
  0.460124   0.212356  -0.862085  0.0853505
 -0.283737   0.955228  0.0838601 -0.0895973
  0.841296    0.20602   0.499777   0.362379
8.34
  0.455995   0.212897  -0.864143   0.084586
 -0.284716   0.954836  0.0850007 -0.0898436
  0.843211   0.207276   0.496015   0.363979
8.36
  0.452245   0.213332  -0.866004  0.0836976
 -0.285225   0.954576  0.0862006 -0.0902607
  0.845057   0.208022   0.492551   0.365431
8.38
  0.448286   0.213493  -0.868021  0.0829669
 -0.285439    0.95441  0.0873274 -0.0907721
  0.847092    0.20862   0.488788   0.367191
8.4
  0.44437  0.213947 -0.869921 0.0821196
-0.286413  0.954026 0.0883279 -0.091141
 0.848825  0.209906  0.485218  0.368866
8.42
  0.440568   0.214393  -0.871743  0.0813563
 -0.287487   0.953618  0.0892366 -0.0915664
  0.850441     0.2113   0.481769   0.370575
8.44
  0.437296   0.214371  -0.873394  0.0804478
 -0.288362   0.953319  0.0896094 -0.0916149
  0.851833   0.212668   0.478699   0.372113
8.46
  0.435814   0.214528  -0.874096  0.0787512
 -0.288716   0.953177  0.0899869 -0.0920743
  0.852472   0.213148   0.477346   0.371901
8.48
  0.433463   0.214946  -0.875162  0.0780253
 -0.289457   0.952887  0.0906695 -0.0928142
  0.853419    0.21402   0.475259   0.373285
8.52
  0.429276    0.21493  -0.877227  0.0761058
 -0.289718   0.952714    0.09165 -0.0935898
  0.855445   0.214806   0.471246   0.376647
8.54
  0.426618   0.214879  -0.878535  0.0752857
 -0.289974   0.952585  0.0921792 -0.0941171
  0.856687   0.215427   0.468699   0.378737
8.56
  0.424894   0.214549  -0.879451  0.0739158
 -0.290197   0.952518  0.0921701 -0.0941554
  0.857468   0.216051    0.46698   0.380115
8.58
 0.422274  0.213982  -0.88085 0.0729326
-0.290053  0.952544 0.0923493 -0.094365
  0.85881  0.216496  0.464301  0.382163
8.6
  0.419405   0.213752  -0.882275  0.0717204
 -0.290264    0.95244  0.0927689 -0.0945267
  0.860143   0.217185   0.461502   0.383937
8.62
 0.416116  0.213725 -0.883838 0.0707551
-0.290719   0.95224 0.0933931 -0.095003
 0.861586  0.218086  0.458376  0.386147
8.7
  0.406661   0.212352  -0.888557  0.0654954
 -0.292576   0.951657  0.0935308 -0.0956385
  0.865463   0.221935   0.449131   0.393114
8.72
 0.403964  0.212007 -0.889869   0.06409
-0.293066  0.951495 0.0936487 -0.095737
 0.866559   0.22296  0.446502    0.3948
8.74
  0.401006   0.211738   -0.89127  0.0627479
 -0.293637   0.951295  0.0938828 -0.0958413
  0.867739   0.224063   0.443649     0.3968
8.76
  0.398515   0.211807   -0.89237  0.0612646
 -0.294206   0.951073  0.0943534 -0.0963529
  0.868694   0.224939   0.441331   0.398517
8.78
   0.39732   0.211724  -0.892922  0.0597516
 -0.293373   0.951264  0.0950166 -0.0979585
  0.869522   0.224207    0.44007   0.399223
8.82
   0.39505   0.210957   -0.89411  0.0572223
 -0.294448   0.951005  0.0942833 -0.0984917
  0.870193   0.226023    0.43781   0.403019
8.84
  0.393898     0.2102  -0.894796  0.0557414
 -0.294146   0.951132   0.093948 -0.0988268
  0.870817   0.226195   0.436478   0.404926
8.86
 0.392349  0.209321 -0.895682 0.0542305
  -0.2933  0.951401  0.093864 -0.099293
 0.871801  0.225876  0.434675  0.406564
8.88
 0.389383   0.20863 -0.897137 0.0527472
-0.292652  0.951561 0.0942673  -0.10007
 0.873347  0.225843  0.431578  0.408936
8.9
 0.385832  0.208123 -0.898787 0.0515491
-0.292837   0.95147 0.0946126 -0.100561
  0.87486  0.226693  0.428054  0.411318
8.92
 0.383173  0.207755 -0.900009 0.0497887
-0.293972  0.951141 0.0944014  -0.10055
 0.875648  0.228405  0.425525  0.412678
8.94
 0.379054  0.207543   -0.9018 0.0485369
-0.295107  0.950753 0.0947667 -0.101406
 0.877058  0.230206  0.421634    0.4155
8.96
 0.375059  0.207711 -0.903431  0.046915
-0.296983   0.95013 0.0951559 -0.102017
 0.878141  0.232615  0.418041  0.417267
9
 0.365934  0.208057 -0.907086 0.0446807
-0.299108  0.949269 0.0970679 -0.104518
 0.881264  0.235796  0.409601  0.419808
9.02
 0.362076  0.208053 -0.908633 0.0433101
-0.300771  0.948712 0.0973778 -0.104978
 0.882291  0.238032  0.406083  0.422055
9.04
 0.359324  0.207654 -0.909817 0.0419141
-0.301468  0.948487 0.0974185 -0.105723
 0.883178  0.239276  0.403415  0.424282
9.06
 0.357364  0.207073 -0.910721 0.0403854
-0.301763  0.948412 0.0972322 -0.106513
 0.883872  0.240074  0.401415  0.426241
9.08
 0.354913  0.205979 -0.911926 0.0390004
-0.302179  0.948344 0.0965995 -0.107072
 0.884717  0.241281  0.398822  0.428559
9.1
 0.352227  0.205197 -0.913143 0.0374809
-0.303079  0.948103 0.0961464 -0.107567
 0.885483  0.242889  0.396138  0.430569
9.12
  0.34912  0.204602 -0.914469 0.0359485
-0.304356  0.947724 0.0958477 -0.107971
 0.886275  0.244862  0.393141  0.432592
9.14
 0.345411   0.20462 -0.915872 0.0342972
 -0.30545  0.947311 0.0964462 -0.109193
 0.887351   0.24644  0.389713  0.434553
9.16
  0.34035  0.205027 -0.917674 0.0334073
-0.304686   0.94733 0.0986501 -0.113044
 0.889566  0.246027  0.384893  0.436499
9.18
 0.336085   0.20321 -0.919648 0.0324616
  -0.3059  0.947061 0.0974763 -0.112892
 0.890771   0.24856  0.380455  0.438712
9.2
 0.331998  0.202187 -0.921356 0.0312005
-0.307034   0.94673   0.09712 -0.113485
 0.891912  0.250644  0.376391  0.441039
9.22
 0.328601  0.201377  -0.92275 0.0298613
-0.308609   0.94627 0.0966106 -0.113885
 0.892626  0.253023  0.373092  0.443019
9.24
 0.325429  0.200907 -0.923976 0.0285686
 -0.31053  0.945678 0.0962553 -0.114328
 0.893122  0.255598  0.370139  0.445215
9.26
 0.322732  0.200477 -0.925015 0.0271422
-0.312197  0.945163   0.09592 -0.114716
  0.89352   0.25783  0.367623  0.447007
9.32
 0.312318  0.198999 -0.928901 0.0226299
-0.314844  0.944233 0.0964261 -0.116305
 0.896287  0.262343  0.357555  0.452135
9.34
 0.306103  0.200498 -0.930646 0.0219651
-0.314177  0.944077  0.100054 -0.120621
 0.898662   0.26176  0.351977  0.454425
9.36
 0.302101  0.199892 -0.932083 0.0207556
-0.314936  0.943795  0.100328 -0.120926
  0.89975  0.263237  0.348074  0.456514
9.38
 0.299265  0.199415 -0.933099 0.0196086
 -0.31598  0.943451  0.100285  -0.12114
 0.900332  0.264829  0.345353  0.458055
9.4
 0.296596  0.198963 -0.934047 0.0183453
-0.316476  0.943269  0.100434 -0.121524
  0.90104  0.265816  0.342737   0.45969
9.42
 0.294096  0.198903  -0.93485 0.0170097
-0.316798  0.943101  0.100997 -0.122215
 0.901746  0.266456  0.340375  0.460902
9.44
  0.29164  0.198381  -0.93573  0.015741
-0.317312  0.942926  0.101009 -0.122357
 0.902363   0.26746  0.337944  0.462463
9.46
 0.289267  0.198238 -0.936497 0.0144101
-0.317122  0.942922  0.101644 -0.123164
 0.903193  0.267582  0.335622  0.463579
9.48
 0.286595  0.197363 -0.937503 0.0132409
-0.316256  0.943188   0.10188 -0.123489
 0.904348  0.267292   0.33273  0.465317
9.5
 0.284264   0.19681 -0.938328 0.0120493
-0.315364  0.943436  0.102343 -0.124065
 0.905394  0.266823  0.330252   0.46658
9.52
 0.281881  0.195981  -0.93922 0.0108793
-0.314522  0.943698   0.10252 -0.124385
 0.906432  0.266507   0.32765  0.468107
9.54
  0.279494   0.195043  -0.940129 0.00962806
 -0.313443   0.944041    0.10267  -0.124624
  0.907544   0.265981   0.324988   0.469757
9.56
 0.277277  0.194475 -0.940902 0.0084048
 -0.31204  0.944442  0.103251 -0.125326
 0.908707   0.26497  0.322556  0.471003
9.58
  0.274818   0.193716   -0.94178 0.00720992
 -0.310584    0.94487   0.103721  -0.125583
  0.909952   0.263997   0.319833   0.472644
9.6
  0.271224   0.192826  -0.943004 0.00780705
 -0.307867   0.945638   0.104817  -0.127066
  0.911951   0.261891   0.315844   0.474459
9.62
  0.268915    0.19295  -0.943639 0.00652872
 -0.307254   0.945726   0.105816  -0.127583
  0.912841   0.261482   0.313605   0.475865
9.64
   0.26683   0.193051   -0.94421 0.00532661
 -0.307282    0.94564   0.106506  -0.127781
  0.913444    0.26172   0.311646   0.476975
9.66
  0.264572    0.19341  -0.944772 0.00412885
 -0.307394   0.945494   0.107475   -0.12815
  0.914063   0.261982   0.309604   0.478224
9.68
  0.262273   0.193833  -0.945326 0.00293689
 -0.307318   0.945392   0.108583  -0.128406
  0.914751   0.262037   0.307519   0.479484
9.7
 0.259725  0.194467 -0.945899 0.0016391
-0.306844   0.94537  0.110105 -0.128825
 0.915636  0.261646  0.305207  0.480784
9.72
    0.25699    0.195182   -0.946499 0.000275717
  -0.306346    0.945336    0.111764   -0.129328
   0.916574    0.261233    0.302735    0.482253
9.74
  0.254646   0.195594  -0.947047 -0.0010217
 -0.305698   0.945393   0.113055  -0.129708
  0.917445   0.260721   0.300533   0.483486
9.76
   0.252029    0.195778   -0.947709 -0.00232338
  -0.305251    0.945409    0.114126   -0.130178
   0.918316    0.260526    0.298031    0.484888
9.78
   0.249391    0.195885   -0.948384 -0.00366877
  -0.305097    0.945349    0.115029   -0.130745
   0.919086    0.260662    0.295526    0.486157
9.8
    0.24662    0.195619   -0.949164 -0.00487552
  -0.304821    0.945364    0.115634   -0.131078
   0.919925    0.260808    0.292775    0.487685
9.82
   0.243919    0.195221   -0.949943 -0.00627773
  -0.304191    0.945498    0.116199   -0.131592
   0.920854    0.260621    0.290009    0.489131
9.84
   0.241315    0.194493   -0.950757 -0.00744395
  -0.303918    0.945574    0.116295   -0.131586
    0.92163    0.260888    0.287291    0.490305
9.86
   0.238166     0.19376   -0.951701 -0.00859173
  -0.303117    0.945781    0.116699   -0.131848
   0.922712    0.260683    0.283985    0.492324
9.88
   0.235781    0.193493   -0.952349 -0.00966202
  -0.302215    0.945985    0.117378    -0.13242
    0.92362    0.260138    0.281522    0.493421
9.9
  0.233094   0.192787  -0.953153 -0.0109725
 -0.301418   0.946204   0.117669  -0.132765
  0.924562    0.25987   0.278664   0.495001
9.92
 0.230292  0.192105 -0.953971 -0.012371
-0.301265  0.946233   0.11782  -0.13305
 0.925314  0.260265  0.275784   0.49657
9.98
  0.221597   0.188779  -0.956691 -0.0164745
 -0.301274   0.946338   0.116952  -0.134099
  0.927431    0.26231    0.26658   0.500814
10
  0.218548   0.187506  -0.957642 -0.0178173
 -0.301147   0.946424   0.116583  -0.134436
  0.928196   0.262912   0.263306   0.502367
10.02
  0.215728   0.186074   -0.95856 -0.0192894
 -0.300793   0.946601   0.116058  -0.134602
   0.92897   0.263291   0.260178   0.503931
10.04
  0.212571   0.185153  -0.959444 -0.0208653
 -0.300619   0.946654    0.11608  -0.134966
  0.929754   0.263752   0.256891   0.505264
10.06
  0.208851   0.184567  -0.960373 -0.0222141
 -0.300765   0.946555   0.116505  -0.135455
  0.930549   0.264515     0.2532   0.506479
10.08
  0.204246   0.182931  -0.961675 -0.0238325
 -0.300687   0.946617   0.116205  -0.135153
  0.931596   0.265429   0.248348    0.50919
10.1
    0.2004   0.182281  -0.962608 -0.0254066
 -0.300514   0.946612    0.11669  -0.135398
  0.932487   0.265892   0.244479   0.510541
10.12
  0.196189   0.181648  -0.963594 -0.0270062
  -0.29979    0.94675   0.117434  -0.135815
  0.933614   0.265837   0.240198   0.512056
10.14
  0.191929   0.180943  -0.964584 -0.0286259
 -0.299182   0.946861   0.118088  -0.136011
  0.934694   0.265922   0.235865   0.513378
10.18
  0.182333   0.179734   -0.96667 -0.0317796
 -0.298597    0.94684   0.119726  -0.136497
    0.9368   0.266815   0.226308   0.516352
10.2
  0.177302   0.179583  -0.967633 -0.0335289
 -0.298196   0.946794   0.121076   -0.13702
  0.937893   0.267077    0.22142   0.517853
10.22
  0.172499   0.179096  -0.968591 -0.0348822
 -0.297619   0.946848   0.122072  -0.137254
  0.938971   0.267214   0.216633   0.518975
10.24
  0.168192   0.179294  -0.969312 -0.0363973
  -0.29711   0.946813   0.123579  -0.137442
  0.939913   0.267207   0.212516   0.520097
10.3
  0.154024   0.180857  -0.971374 -0.0411255
 -0.295487   0.946545   0.129381   -0.13872
  0.942849   0.267101   0.199232     0.5248
10.44
 0.122493  0.183062  -0.97544 -0.051127
-0.290053  0.946535  0.141214 -0.141601
 0.949139  0.265632  0.169042  0.534871
10.46
 0.118362    0.1829  -0.97598 -0.052455
-0.289572  0.946525  0.142262 -0.142306
  0.94981  0.265778  0.164996  0.537044
10.52
  0.106127   0.182178  -0.977521 -0.0559045
 -0.292286   0.945358   0.144451   -0.14351
  0.950424   0.270386   0.153576   0.541789
10.58
 0.0940799   0.181954  -0.978796 -0.0598973
 -0.295898   0.943839   0.147015  -0.145935
  0.950575   0.275792   0.142636   0.547356
10.8
0.0570275  0.176851 -0.982584 -0.069754
-0.299424   0.94191  0.152153 -0.150279
 0.952414  0.285533  0.106668  0.562737
10.82
 0.0548571   0.176184  -0.982828 -0.0702897
 -0.299582   0.941865    0.15212  -0.150461
  0.952492   0.286093    0.10445   0.563909
10.84
 0.0524772    0.17599  -0.982992 -0.0715824
 -0.299267   0.941879   0.152653   -0.15105
  0.952725   0.286167   0.102095    0.56584
10.86
0.0479669  0.176492 -0.983133   -0.0752
-0.298143  0.941926  0.154548 -0.152267
 0.953315  0.285701 0.0978012  0.570482
10.88
 0.0458599   0.175847  -0.983349 -0.0762286
 -0.297763   0.942043   0.154574  -0.152505
  0.953538   0.285716  0.0955627   0.571953
10.9
 0.0439216   0.175418  -0.983514 -0.0773931
 -0.296896   0.942278   0.154805   -0.15302
  0.953899   0.285202  0.0934673   0.573438
10.92
 0.0423074   0.174952  -0.983667 -0.0784285
 -0.295629   0.942654   0.154943  -0.153251
  0.954366   0.284245  0.0916022   0.574685
10.94
 0.0417725    0.17432  -0.983803 -0.0797428
 -0.296523   0.942461   0.154405   -0.15259
  0.954112    0.28527  0.0910589   0.575563
10.96
 0.0398156   0.174231    -0.9839 -0.0807906
 -0.296457   0.942403   0.154886  -0.153093
  0.954216   0.285517  0.0891743   0.577112
10.98
 0.0381299   0.173705  -0.984059 -0.0818936
 -0.296901   0.942274   0.154824   -0.15325
  0.954147   0.286264  0.0875018   0.578578
11
 0.0366751    0.17326  -0.984193 -0.0829456
 -0.297338   0.942143   0.154777  -0.153346
  0.954068   0.286962  0.0860699   0.579933
11.02
 0.0354959   0.172917  -0.984297 -0.0839648
  -0.29718   0.942189   0.154803  -0.153597
  0.954162   0.287018  0.0848312   0.581024
11.04
 0.0340818   0.172553   -0.98441 -0.0850733
 -0.295976   0.942541   0.154966  -0.153914
  0.954587    0.28608  0.0831949   0.582199
11.06
0.0323419  0.171959 -0.984573   -0.0861
-0.294915   0.94287  0.154988 -0.153849
 0.954976  0.285353 0.0812076  0.583478
11.1
0.0293073  0.171793 -0.984697 -0.088165
-0.294212  0.942963  0.155755 -0.153616
 0.955291  0.285144 0.0781792  0.585777
11.12
 0.0278093   0.172251  -0.984661 -0.0892919
 -0.294537   0.942723   0.156596  -0.153445
  0.955235   0.285664  0.0769506    0.58688
11.14
0.0264724  0.172593 -0.984637 -0.090326
-0.295302  0.942375  0.157246 -0.153072
 0.955037  0.286603  0.075914  0.587929
11.16
 0.0250592   0.173526   -0.98451 -0.0914897
 -0.295438   0.942116   0.158534  -0.153308
  0.955033   0.286889  0.0748749   0.588852
11.18
  0.023074   0.174207  -0.984439 -0.0927059
 -0.295377   0.941928   0.159762  -0.153551
  0.955102   0.287094  0.0731909   0.589977
11.2
 0.0209804   0.174721  -0.984394 -0.0938603
 -0.295912   0.941581   0.160815  -0.153583
  0.954985    0.28792  0.0714567   0.590985
11.22
 0.0187455   0.175305  -0.984336 -0.0950674
  -0.29673   0.941127   0.161958  -0.153674
  0.954777   0.289046    0.06966    0.59187
11.24
 0.0169863   0.176202  -0.984207 -0.0956539
 -0.297992   0.940508   0.163236  -0.154031
  0.954417   0.290513  0.0684825   0.591898
11.26
