7.875
  0.992687  0.0254047   -0.11801  0.0329554
-0.0287913   0.999219 -0.0270818 0.00845654
  0.117229  0.0302814   0.992643  0.0113577
7.91667
  0.991936  0.0263512  -0.123971  0.0350415
-0.0302077   0.999113 -0.0293324 0.00969193
  0.123088  0.0328407   0.991852  0.0119594
7.95833
  0.991585  0.0277691  -0.126444  0.0342724
-0.0316557   0.999083 -0.0288324 0.00850761
  0.125527  0.0325925   0.991555  0.0123811
8
  0.990991  0.0290534  -0.130738  0.0352044
-0.0332336      0.999 -0.0299063 0.00878464
  0.129739  0.0339818   0.990966  0.0126474
8.04167
  0.990355  0.0308073  -0.135088  0.0365107
-0.0352877   0.998899 -0.0308978 0.00907717
  0.133987  0.0353667   0.990352  0.0129365
8.08333
  0.989822  0.0324019  -0.138573  0.0368567
-0.0371252    0.99881  -0.031637 0.00912921
  0.137383  0.0364595   0.989847  0.0130002
8.125
  0.989186  0.0336261   -0.14276  0.0376022
-0.0386407   0.998725 -0.0324995 0.00933843
  0.141485  0.0376644   0.989224  0.0133042
8.16667
  0.988507   0.034725  -0.147134   0.038051
-0.0400406   0.998642 -0.0333203  0.0093905
  0.145777  0.0388287   0.988555  0.0134782
8.20833
    0.9877  0.0358835  -0.152187   0.039144
-0.0415816   0.998542 -0.0344241  0.0097534
   0.15073  0.0403288   0.987752  0.0137992
8.25
  0.986942  0.0370337  -0.156763  0.0398204
-0.0430561   0.998453  -0.035196 0.00994886
  0.155217   0.041486   0.987009  0.0139436
8.29167
  0.986046  0.0385213  -0.161953  0.0416751
-0.0449723   0.998326 -0.0363558   0.010639
  0.160282   0.043132   0.986129  0.0143933
8.33333
  0.985363  0.0401894  -0.165663  0.0424043
-0.0469186   0.998217 -0.0369074  0.0108406
  0.163884  0.0441399   0.985492  0.0144019
8.375
  0.984612  0.0417943  -0.169686  0.0446635
-0.0489175   0.998079 -0.0380154   0.011998
  0.167771   0.045731   0.984765  0.0154908
8.41667
  0.983924  0.0430114  -0.173328  0.0459122
-0.0504366   0.997979 -0.0386625  0.0126103
  0.171315   0.046783   0.984105  0.0159079
8.45833
   0.98323  0.0442127  -0.176928  0.0471659
-0.0518988   0.997889 -0.0390505  0.0128992
  0.174828   0.047578   0.983449  0.0163107
8.5
   0.98254  0.0453639  -0.180437  0.0485709
-0.0533959   0.997776 -0.0399069  0.0136402
  0.178225  0.0488447   0.982777  0.0168393
8.54167
  0.981886  0.0462411  -0.183741  0.0497579
-0.0545761   0.997685  -0.040565  0.0142216
   0.18144  0.0498581   0.982137  0.0172805
8.58333
  0.981282  0.0469508  -0.186767  0.0504352
-0.0554345   0.997642  -0.040461  0.0139538
  0.184427   0.050057   0.981571  0.0174686
8.625
  0.980517  0.0476963  -0.190557  0.0520849
 -0.056642    0.99752 -0.0417748   0.015203
  0.188092  0.0517544   0.980787  0.0182276
8.66667
  0.979804  0.0483479  -0.194027  0.0533394
-0.0576097   0.997439 -0.0423765  0.0156795
  0.191481  0.0526985   0.980081   0.018681
8.70833
  0.979052  0.0489681  -0.197636  0.0548827
-0.0585937   0.997349 -0.0431498  0.0164072
  0.194999  0.0538261   0.979325  0.0192664
8.75
  0.978297  0.0499494  -0.201096  0.0568335
-0.0599771   0.997226 -0.0440815  0.0172432
  0.198336   0.055186   0.978579   0.019993
8.79167
  0.978017  0.0506777  -0.202271  0.0567551
-0.0607104   0.997198 -0.0437041  0.0165779
   0.19949  0.0550234   0.978354  0.0204029
8.83333
  0.977357  0.0512761  -0.205292  0.0581469
-0.0616652   0.997103 -0.0445285  0.0170853
  0.202414  0.0561796   0.977687  0.0210161
8.875
  0.976597  0.0521413  -0.208663   0.059913
-0.0629584   0.996977 -0.0455342   0.017616
  0.205658  0.0576057   0.976927  0.0218708
8.91667
  0.975946  0.0531298  -0.211438  0.0613731
-0.0643423   0.996844 -0.0465033    0.01788
    0.2083  0.0589891   0.976284  0.0224724
8.95833
  0.975371  0.0539887  -0.213862   0.062424
-0.0655593   0.996723 -0.0473801  0.0177364
  0.210603  0.0602338   0.975714   0.022838
9
  0.974657  0.0552157  -0.216783  0.0639896
-0.0673674   0.996521 -0.0490653  0.0182842
   0.21332   0.062426   0.974986   0.023639
9.04167
  0.973961  0.0565175   -0.21956  0.0652116
-0.0692429   0.996311  -0.050696  0.0186786
  0.215885  0.0645789   0.974281  0.0241536
9.08333
  0.973313  0.0577366    -0.2221  0.0657696
-0.0709662    0.99612 -0.0520474  0.0187781
  0.218234    0.06642   0.973634  0.0243562
9.125
  0.972597  0.0592798  -0.224815  0.0661963
-0.0729421   0.995929 -0.0529534  0.0187754
  0.220761  0.0679008   0.972962  0.0243248
9.16667
  0.971659  0.0608893  -0.228409  0.0677725
-0.0751241   0.995703 -0.0541455  0.0193994
  0.224131  0.0697701   0.972058  0.0248959
9.20833
  0.970905  0.0622437  -0.231233  0.0682383
-0.0769154   0.995521 -0.0549777  0.0198151
  0.226776  0.0711636   0.971344   0.025016
9.25
  0.970422  0.0631458  -0.233011  0.0681334
-0.0775618   0.995566  -0.053224  0.0176409
  0.228617  0.0697225   0.971016  0.0245776
9.29167
  0.969531  0.0647171  -0.236264  0.0691465
-0.0795615   0.995375 -0.0538367  0.0180279
  0.231687  0.0709939   0.970196  0.0248929
9.33333
  0.968697  0.0660289  -0.239303  0.0698563
-0.0813377   0.995187 -0.0546609  0.0187056
  0.234542  0.0724142   0.969405  0.0251391
9.375
  0.967802  0.0670916  -0.242605  0.0710377
-0.0829524   0.994993 -0.0557525  0.0196356
   0.23765  0.0740821   0.968522  0.0255856
9.41667
  0.966981  0.0682966  -0.245528  0.0718498
-0.0845289   0.994836 -0.0561806  0.0197219
  0.240423  0.0750798    0.96776  0.0258542
9.45833
  0.966211  0.0698433  -0.248111  0.0722544
-0.0864334   0.994648  -0.056601  0.0197795
   0.24283  0.0761336   0.967077  0.0258914
9.5
  0.965501   0.070679  -0.250625  0.0724316
-0.0875716   0.994532 -0.0568892  0.0198183
  0.245233  0.0768741   0.966411  0.0257043
9.54167
  0.964692  0.0706945  -0.253717  0.0731266
-0.0879567   0.994473 -0.0573368  0.0201248
  0.248261  0.0776284   0.965578  0.0258464
9.58333
  0.963934   0.070431  -0.256652  0.0736355
-0.0879821   0.994459 -0.0575418  0.0202427
  0.251177  0.0780473   0.964789  0.0259931
9.625
  0.963166  0.0699516  -0.259651  0.0742193
-0.0878533   0.994445  -0.057979  0.0204269
  0.254153  0.0786545    0.96396  0.0262446
9.66667
  0.962412  0.0697884  -0.262474  0.0745624
 -0.087953   0.994429 -0.0580911  0.0203554
  0.256958  0.0789929   0.963189  0.0263527
9.70833
   0.96166  0.0695023  -0.265291  0.0749526
-0.0880128   0.994399 -0.0585219  0.0206713
  0.259738  0.0796273   0.962391  0.0263947
9.75
   0.96102  0.0687927  -0.267783  0.0749765
-0.0874896   0.994446 -0.0585126  0.0205599
   0.26227  0.0796599   0.961701  0.0263723
9.79167
  0.960231  0.0678373  -0.270839  0.0757928
-0.0869129   0.994464  -0.059056  0.0210006
  0.265334  0.0802468   0.960811  0.0268929
9.83333
  0.960226  0.0670236   -0.27106  0.0740899
-0.0855023    0.99471 -0.0569341  0.0185122
  0.265811  0.0778459   0.960877  0.0259981
9.875
   0.95946  0.0667096  -0.273837  0.0748567
-0.0854275   0.994713 -0.0569953  0.0183633
  0.268587  0.0780779   0.960086  0.0268316
9.91667
  0.958752  0.0669457  -0.276249  0.0751843
-0.0858859   0.994671 -0.0570293  0.0181992
  0.270959  0.0784028   0.959393     0.0272
9.95833
  0.957913  0.0677142  -0.278959  0.0760185
-0.0870939    0.99453 -0.0576588  0.0187605
  0.273529  0.0795278    0.95857   0.027873
10
   0.95717  0.0684416  -0.281322   0.076803
-0.0882287   0.994395 -0.0582672  0.0193344
  0.275757  0.0805923   0.957843  0.0286468
10.0417
  0.956537   0.068947  -0.283342  0.0773148
-0.0889929   0.994314 -0.0584805  0.0194179
  0.277699  0.0811543   0.957234  0.0292559
10.0833
  0.955967  0.0693845  -0.285155   0.077494
-0.0896303   0.994252 -0.0585574  0.0192853
  0.279453  0.0815375   0.956691  0.0296574
10.125
  0.955452   0.069795  -0.286775  0.0775768
-0.0901691    0.99421  -0.058448  0.0190254
  0.281035  0.0817026   0.956213  0.0299659
10.1667
  0.954851  0.0699347  -0.288735  0.0779945
-0.0905673   0.994158  -0.058712  0.0191945
  0.282943  0.0822112   0.955607  0.0306214
10.2083
  0.954264  0.0698837  -0.290684  0.0780803
-0.0906526   0.994158 -0.0585898  0.0189503
  0.284891  0.0822614   0.955024  0.0311296
10.25
  0.953561  0.0698979  -0.292977  0.0782689
-0.0908308    0.99415 -0.0584475  0.0187767
  0.287178  0.0823446   0.954331  0.0318224
10.2917
  0.952807  0.0694845  -0.295518  0.0785067
-0.0906325   0.994167 -0.0584604  0.0187065
  0.289732   0.082485   0.953547  0.0326697
10.3333
  0.952095    0.06884  -0.297955   0.078674
 -0.090134   0.994221 -0.0583107   0.018327
  0.292219  0.0823731   0.952797  0.0335115
10.375
  0.951265  0.0685537  -0.300658  0.0788353
-0.0900379   0.994238 -0.0581769  0.0178909
  0.294937  0.0824122   0.951956  0.0343588
10.4167
  0.950386  0.0685817  -0.303418  0.0791976
-0.0902774   0.994224 -0.0580483  0.0176447
  0.297684    0.08256   0.951088  0.0352524
10.4583
  0.949659  0.0680691  -0.305802  0.0792471
-0.0900526   0.994226 -0.0583487  0.0178039
  0.300065  0.0829496   0.950305  0.0363158
10.5
  0.948877   0.067685  -0.308305   0.079443
-0.0899984   0.994209 -0.0587222  0.0179848
  0.302545  0.0834671   0.949473  0.0373267
10.5417
  0.947865  0.0678144  -0.311373  0.0803367
 -0.090454   0.994161 -0.0588351  0.0178391
  0.305565  0.0839327   0.948465  0.0385142
10.5833
  0.946915  0.0683964  -0.314124  0.0808473
-0.0914489   0.994047 -0.0592283  0.0183551
  0.308203  0.0848105   0.947532  0.0393463
10.625
  0.945879  0.0688846  -0.317123   0.081923
-0.0924223   0.993924 -0.0597692  0.0188779
  0.311079  0.0858437   0.946499  0.0408196
10.6667
  0.945655  0.0701848  -0.317506  0.0803752
-0.0934241   0.993903 -0.0585504  0.0173723
  0.311461  0.0850312   0.946447  0.0413437
10.7083
  0.944794   0.071821  -0.319696  0.0815827
-0.0956205   0.993646 -0.0593596  0.0180724
  0.313401  0.0866521   0.945659  0.0428815
10.75
  0.944187  0.0731091  -0.321194  0.0820508
 -0.097131   0.993498 -0.0593914  0.0177283
  0.314763  0.0872744   0.945149  0.0442647
10.7917
  0.943569  0.0746462  -0.322653  0.0819667
-0.0988105   0.993347 -0.0591502  0.0170231
  0.316091  0.0876938   0.944667  0.0453448
10.8333
 0.942772 0.0760376 -0.324652 0.0820908
-0.100536  0.993162 -0.059339 0.0169609
 0.317921 0.0885823   0.94397 0.0467039
10.875
  0.941905  0.0766703   -0.32701  0.0823758
 -0.101476    0.99306 -0.0594564  0.0168199
  0.320182  0.0891861   0.943149  0.0483045
10.9167
  0.940941  0.0772808  -0.329634   0.082772
 -0.102509   0.992931 -0.0598259  0.0169431
  0.322681  0.0900831   0.942211  0.0500172
10.9583
  0.940102  0.0780443  -0.331838  0.0826562
 -0.103425   0.992856 -0.0594974  0.0162374
  0.324824  0.0902541   0.941458   0.051294
11
  0.939161  0.0784823  -0.334389  0.0826655
  -0.10415    0.99278 -0.0595047   0.015829
  0.327305  0.0907111   0.940555  0.0528895
11.0417
  0.938286  0.0789137  -0.336737  0.0821775
 -0.104772   0.992727 -0.0592922  0.0152896
  0.329609  0.0909135    0.93973  0.0541952
11.0833
  0.936923    0.07964  -0.340342     0.0833
 -0.106213   0.992523 -0.0601421  0.0159654
  0.333007  0.0924972   0.938377  0.0568564
11.125
  0.936015  0.0802802  -0.342683  0.0830837
 -0.106973   0.992469 -0.0596828  0.0149422
  0.335311  0.0925218   0.937553  0.0585225
11.1667
   0.93497  0.0810469  -0.345344  0.0825495
 -0.107967   0.992378 -0.0594085  0.0141673
  0.337897  0.0928308   0.936594  0.0598564
11.2083
  0.933655  0.0816088  -0.348752  0.0819888
 -0.108592   0.992364 -0.0584993  0.0130298
  0.341315  0.0924899   0.935387  0.0608145
11.25
  0.932384  0.0820887  -0.352024  0.0809402
 -0.108978   0.992396 -0.0572251    0.01145
  0.344649  0.0917185    0.93424  0.0623757
11.2917
  0.930746  0.0835048  -0.356003  0.0802077
 -0.110923   0.992177 -0.0572737  0.0111592
  0.348435  0.0927962   0.932728  0.0642106
11.3333
  0.928892  0.0848745  -0.360494  0.0801449
 -0.112705   0.992001 -0.0568522  0.0103045
  0.352785   0.093439   0.931027  0.0659576
11.375
  0.926914  0.0853881  -0.365431  0.0804722
 -0.113991   0.991823 -0.0573845  0.0103388
  0.357543  0.0948463   0.929068  0.0680549
11.4167
   0.92519   0.085695  -0.369701  0.0798538
 -0.114645   0.991769 -0.0570147 0.00926583
  0.361772  0.0951337     0.9274  0.0693311
11.4583
  0.922865    0.08587  -0.375428  0.0804418
 -0.115542   0.991654 -0.0572048 0.00911223
  0.367383  0.0961701   0.925084  0.0715056
11.5
    0.9207  0.0867427  -0.380509  0.0802075
 -0.117059   0.991475 -0.0572215 0.00880969
  0.372302  0.0972259   0.923005  0.0733681
11.5417
  0.918411  0.0887295   -0.38555  0.0807394
 -0.119851   0.991131 -0.0573976 0.00858053
  0.377038  0.0989231     0.9209  0.0753857
11.5833
  0.916294  0.0909963  -0.390031  0.0810738
 -0.123012   0.990718  -0.057851 0.00879571
  0.381146   0.100987   0.918983  0.0775341
11.625
   0.91425  0.0930867  -0.394312  0.0812331
 -0.125649   0.990406 -0.0575208 0.00813686
  0.385174   0.102133   0.917175  0.0795058
11.6667
  0.912789  0.0948648  -0.397262  0.0799189
  -0.12729   0.990283 -0.0559986 0.00584979
  0.388089   0.101682   0.915995  0.0798303
11.7083
  0.910478  0.0969557  -0.402032  0.0800082
 -0.130163   0.989907 -0.0560485 0.00544891
   0.39254   0.103361   0.913909  0.0817327
11.75
  0.908063   0.099195  -0.406917  0.0799595
 -0.133171   0.989512 -0.0559652 0.00506946
  0.397098    0.10501   0.911749  0.0834226
11.7917
  0.905464   0.101312  -0.412153  0.0801332
 -0.135985   0.989149 -0.0556032 0.00449167
  0.402048   0.106394   0.909416  0.0853576
11.8333
  0.902894   0.103364  -0.417251  0.0803318
 -0.138918   0.988738 -0.0556702 0.00428138
  0.406798   0.108228   0.907085  0.0873623
11.875
  0.900533   0.104899  -0.421945  0.0805351
 -0.141258   0.988402 -0.0557539 0.00410473
  0.411202   0.109811   0.904906  0.0891929
11.9167
  0.898262   0.105973  -0.426491  0.0805374
 -0.142879   0.988189 -0.0553858 0.00349935
  0.415584   0.110688   0.902795  0.0909039
11.9583
  0.895931   0.107295  -0.431039  0.0801662
 -0.144584   0.987986 -0.0545911  0.0024944
  0.420003   0.111231    0.90068  0.0925392
12
  0.893229   0.108904  -0.436214   0.080388
 -0.146916    0.98766 -0.0542608 0.00204083
  0.424922   0.112554   0.898205  0.0945155
12.0417
   0.891327    0.111005   -0.439561   0.0783642
  -0.149285    0.987353  -0.0533733 0.000871989
   0.428077    0.113193    0.896626   0.0950875
12.0833
   0.888376     0.11322   -0.444938   0.0786908
  -0.152311    0.986912  -0.0529752 0.000273699
   0.433117    0.114831    0.893993   0.0970399
12.125
   0.885359    0.116181   -0.450156   0.0793959
  -0.156349    0.986281  -0.0529553 0.000202696
   0.437828    0.117266    0.891378   0.0993726
12.1667
    0.882741     0.119011    -0.454538     0.079641
   -0.160135     0.985676   -0.0529139 -5.60431e-05
    0.441729     0.119497     0.889154     0.101398
12.2083
   0.880265    0.121378   -0.458695   0.0796707
  -0.163202    0.985195  -0.0524961 -0.00076083
   0.445532     0.12107    0.887042    0.103175
12.25
  0.877751   0.123688  -0.462876  0.0793786
 -0.166183   0.984723 -0.0519992  -0.001435
  0.449373   0.122565   0.884896   0.104985
12.2917
  0.874947   0.126299  -0.467457  0.0791797
 -0.169426   0.984212 -0.0512003 -0.0022455
  0.453611   0.123997   0.882532   0.106765
12.3333
   0.871975     0.12875   -0.472317    0.078721
  -0.172467    0.983733  -0.0502441 -0.00310296
   0.458165    0.125271    0.879995    0.108385
12.375
   0.868963    0.131047   -0.477211   0.0780086
  -0.175246      0.9833  -0.0490854 -0.00414811
   0.462809    0.126283    0.877417    0.109653
12.4167
   0.865391    0.133211   -0.483066   0.0787868
  -0.178425    0.982751  -0.0486346 -0.00439842
   0.468254    0.128279    0.874232     0.11179
12.4583
   0.862379    0.135617    -0.48776   0.0790838
   -0.18175     0.98216  -0.0482601 -0.00469503
   0.472513    0.130269    0.871643    0.113898
12.5
    0.85973    0.137425   -0.491913   0.0793659
  -0.184497     0.98165  -0.0482088 -0.00491381
   0.476261    0.132203    0.869309    0.116243
12.5833
   0.854681    0.141274   -0.499562   0.0796039
  -0.189894    0.980652  -0.0475567 -0.00592516
   0.483178    0.135509    0.864972    0.120452
12.625
   0.851953    0.142737   -0.503788   0.0800559
  -0.192241    0.980203  -0.0473787 -0.00619657
   0.487052    0.137213    0.862527    0.122871
12.6667
   0.849215    0.144438   -0.507909   0.0800807
  -0.194596    0.979769  -0.0467371 -0.00691377
   0.490883    0.138527    0.860142    0.125047
12.7083
  0.846207   0.146615  -0.512287  0.0805989
 -0.197693   0.979169 -0.0463182 -0.0071437
  0.494825   0.140471   0.857564   0.127635
12.75
   0.843997    0.148866   -0.515275   0.0803566
  -0.199637    0.978873  -0.0441951 -0.00941331
   0.497809    0.140169    0.855885    0.128599
12.7917
   0.841568    0.150013   -0.518902   0.0805287
  -0.201402    0.978531  -0.0437479 -0.00981624
   0.501199    0.141324    0.853714     0.13087
12.8333
  0.839223   0.150957  -0.522415  0.0808475
 -0.202962   0.978225 -0.0433751 -0.0103817
  0.504492   0.142432   0.851588   0.133217
12.875
  0.837003   0.152331  -0.525567  0.0810772
 -0.205148   0.977772 -0.0433136 -0.0106419
  0.507287   0.144073   0.849649   0.135631
12.9167
  0.834711   0.153806  -0.528773  0.0813742
 -0.207176   0.977369 -0.0427542 -0.0112449
  0.510231   0.145237   0.847686   0.138051
12.9583
  0.832494   0.155226  -0.531844  0.0811921
 -0.209205   0.976955 -0.0423315 -0.0118369
  0.513017   0.146505   0.845784   0.140025
13
  0.829843   0.156823  -0.535506  0.0812415
 -0.211453   0.976498 -0.0417081 -0.0123618
   0.51638   0.147845   0.843501     0.1423
13.0417
  0.827108   0.158531  -0.539222   0.081018
 -0.213788    0.97602 -0.0409776 -0.0128133
  0.519796   0.149172   0.841166   0.144347
13.0833
  0.824158   0.159905  -0.543317   0.081066
 -0.215887   0.975584 -0.0403519 -0.0130853
  0.523599   0.150552   0.838557   0.146658
13.125
  0.821004   0.161762  -0.547527  0.0814524
 -0.218635   0.974995 -0.0397844 -0.0132655
  0.527401   0.152372   0.835842   0.149285
13.1667
  0.818295   0.164409  -0.550784  0.0811416
 -0.222057    0.97425 -0.0390953 -0.0137691
  0.530173   0.154297   0.833732   0.151337
13.2083
  0.815647   0.166164  -0.554175  0.0816082
 -0.223153   0.974105 -0.0363647 -0.0168565
  0.533782   0.153327   0.831605   0.152102
13.25
  0.812843   0.168116  -0.557695  0.0817363
 -0.225583   0.973584 -0.0353048 -0.0169091
  0.537027   0.154504   0.829295   0.154474
13.2917
  0.810125   0.169676  -0.561166  0.0821018
 -0.227531   0.973169 -0.0342232 -0.0164958
  0.540303   0.155408   0.826995   0.156967
13.3333
  0.807846   0.171358  -0.563934  0.0818623
 -0.228764   0.972954 -0.0320641 -0.0169686
  0.543187   0.154911   0.825197   0.159032
13.375
  0.805497   0.172412  -0.566964  0.0817583
 -0.229474   0.972847 -0.0301782 -0.0172491
  0.546366   0.154412    0.82319   0.161176
13.4167
  0.802958    0.17299  -0.570379  0.0818702
 -0.229611   0.972874 -0.0281767 -0.0175637
  0.550033    0.15359   0.820898   0.163439
13.4583
  0.800551   0.172849  -0.573795   0.081948
 -0.229088   0.973045  -0.026503 -0.0175235
  0.553748   0.152667    0.81857   0.165589
13.5
  0.798086   0.172576  -0.577301  0.0822335
   -0.2284   0.973251   -0.02481 -0.0174803
  0.557577   0.151656   0.816154    0.16787
13.5417
  0.795898   0.172173  -0.580433   0.082459
 -0.227337   0.973546 -0.0229458  -0.017525
  0.561128   0.150216   0.813984   0.170072
13.5833
  0.794186   0.171364  -0.583013  0.0831792
 -0.224403   0.974305 -0.0193091 -0.0200168
  0.564723   0.146165   0.812234   0.170854
13.625
  0.791993   0.170224   -0.58632  0.0845173
 -0.222574   0.974756 -0.0176533 -0.0200344
  0.568513   0.144481   0.809888   0.173883
13.6667
  0.790021   0.170626  -0.588858  0.0849089
 -0.222386   0.974829 -0.0158926 -0.0205108
  0.571324    0.14351    0.80808   0.176163
13.7083
  0.788124   0.171211  -0.591226  0.0849447
 -0.222496   0.974829 -0.0142973  -0.021271
  0.573896   0.142813   0.806379   0.178014
13.75
  0.786135   0.171332  -0.593833  0.0847178
 -0.222313   0.974888 -0.0130326 -0.0221787
  0.576687   0.142262   0.804483   0.179643
13.7917
  0.783641      0.171  -0.597215  0.0847892
 -0.222047    0.97496 -0.0122014  -0.022975
  0.580174   0.142171   0.801989   0.181516
13.8333
  0.780916   0.170478  -0.600922  0.0848573
 -0.221802   0.975022 -0.0116311 -0.0235576
   0.58393   0.142369   0.799223   0.183357
13.875
  0.778161   0.169828  -0.604668  0.0847358
 -0.221412   0.975118 -0.0110665 -0.0243374
  0.587743   0.142492   0.796401   0.184978
13.9167
   0.77528   0.169044  -0.608577   0.084923
 -0.221292   0.975145 -0.0110428 -0.0250822
  0.591584   0.143234   0.793418   0.186813
13.9583
  0.772738   0.168444  -0.611966  0.0849912
  -0.22175   0.975034  -0.011628 -0.0256756
  0.594729   0.144689   0.790798   0.188455
14
  0.770303   0.167106  -0.615394  0.0857747
  -0.22053   0.975316 -0.0112022 -0.0279699
  0.598331   0.144342    0.78814    0.18907
14.0417
   0.76808   0.166291  -0.618385  0.0859731
 -0.220614    0.97529 -0.0117518 -0.0283949
  0.601151   0.145451   0.785787   0.190742
14.0833
  0.765986   0.165839  -0.621098  0.0861148
 -0.220724   0.975265 -0.0118078 -0.0287812
  0.603777   0.146136   0.783644   0.192501
14.125
  0.763895   0.165061  -0.623874  0.0861073
 -0.220128   0.975404 -0.0114673  -0.029657
  0.606636   0.146092   0.781441    0.19413
14.1667
  0.761266   0.164015  -0.627354   0.086255
 -0.219568   0.975531 -0.0113935 -0.0304088
  0.610134    0.14642   0.778651    0.19583
14.2083
  0.758126   0.163965  -0.631158  0.0864987
 -0.220266   0.975376  -0.011188 -0.0310637
  0.613782   0.147505   0.775573   0.197641
14.25
  0.755263   0.164414  -0.634464  0.0866095
 -0.221381   0.975127 -0.0108373 -0.0313103
  0.616902   0.148643   0.772876   0.199203
14.2917
  0.752643   0.164657  -0.637508  0.0865606
 -0.221833   0.975033 -0.0100638 -0.0318057
  0.619934   0.148995   0.770378    0.20102
14.3333
   0.749856    0.164589   -0.640801   0.0867398
  -0.222029    0.974995 -0.00938848  -0.0323461
   0.623233    0.149317    0.767649    0.202872
14.375
   0.746877    0.164934   -0.644183   0.0867799
  -0.222611     0.97487 -0.00849811  -0.0329733
   0.626593    0.149749    0.764824    0.204683
14.4167
  0.743854   0.165391  -0.647554   0.086697
 -0.223321   0.974716   -0.00758 -0.0333814
  0.629928   0.150251   0.761982   0.206498
14.4583
   0.740797    0.165874   -0.650927   0.0866995
  -0.223998    0.974567 -0.00657835  -0.0337002
   0.633281     0.15068    0.759112    0.208643
14.5
   0.737057    0.165925   -0.655145   0.0880759
  -0.223353    0.974728 -0.00441388  -0.0357562
   0.637856    0.149582     0.75549     0.21095
14.5417
   0.734003     0.16663   -0.658388   0.0882107
  -0.224204    0.974537 -0.00331094   -0.036165
   0.641071    0.150044    0.752671    0.213287
14.5833
   0.730908    0.167859   -0.661511   0.0882443
  -0.225338    0.974279 -0.00175303  -0.0365061
   0.644202    0.150345    0.749933     0.21546
14.625
   0.727752    0.169674    -0.66452    0.088223
  -0.226868    0.973926 0.000220631  -0.0368879
   0.647231    0.150598     0.74727     0.21783
14.6667
  0.724781   0.171109  -0.667393  0.0882594
 -0.228147   0.973625 0.00185743 -0.0373014
  0.650109   0.150917   0.744703   0.220323
14.7083
  0.721828     0.1719  -0.670384  0.0882649
 -0.229296   0.973353 0.00269539 -0.0377401
  0.652983   0.151771    0.74201   0.222924
14.75
  0.718551   0.172289  -0.673796  0.0885702
 -0.230039   0.973175 0.00352146 -0.0383214
  0.656328   0.152469   0.738909   0.225703
14.7917
  0.715134   0.173254  -0.677175  0.0885289
 -0.231229   0.972888 0.00472116 -0.0387335
  0.659634   0.153207   0.735806   0.228249
14.8333
  0.710539   0.173717  -0.681878  0.0902328
 -0.231428   0.972829 0.00668449 -0.0399842
  0.664512   0.153056   0.731436   0.231362
14.875
  0.707021   0.175121  -0.685167  0.0901525
 -0.232712   0.972509 0.00842758 -0.0404373
  0.667807   0.153488   0.728337   0.233885
14.9167
  0.703144   0.176692  -0.688744  0.0902516
 -0.233894   0.972204  0.0106274 -0.0409962
  0.671477    0.15362   0.724927   0.236723
14.9583
  0.699198   0.178132  -0.692381  0.0902486
 -0.234777   0.971963  0.0129719 -0.0416602
  0.675279   0.153485   0.721416   0.239486
15
  0.695072   0.179438  -0.696187  0.0905057
 -0.235852   0.971674  0.0149691 -0.0424058
  0.679153   0.153792   0.717704   0.242422
15.0417
  0.691616   0.180522  -0.699342  0.0902961
 -0.237373   0.971287  0.0159685 -0.0432685
  0.682145   0.154961   0.714609    0.24481
15.0833
  0.68827  0.180876 -0.702544 0.0903821
-0.238449  0.971017 0.0163924 -0.044082
 0.685147  0.156238  0.711451  0.247372
15.125
  0.685127   0.181412  -0.705472  0.0904159
 -0.239782   0.970682  0.0167442 -0.0449551
  0.687827   0.157688    0.70854   0.249831
15.1667
  0.681386    0.18157  -0.709045  0.0916906
 -0.240093   0.970586  0.0178167 -0.0468281
  0.691425   0.158097   0.704938   0.252217
15.2083
  0.677975   0.181299  -0.712377  0.0922745
 -0.240473   0.970487   0.018128 -0.0478423
  0.694638   0.159017   0.701563   0.255278
15.25
  0.674774   0.181518  -0.715354  0.0923373
 -0.241557   0.970213  0.0183335 -0.0486611
  0.697374   0.160428   0.698522   0.257869
15.2917
  0.671292   0.181958  -0.718511  0.0925916
 -0.242941   0.969862  0.0186358 -0.0494738
  0.700248   0.162046   0.695265   0.260696
15.3333
  0.667831   0.182051  -0.721706  0.0928016
 -0.243966   0.969601  0.0188287 -0.0502556
  0.703195   0.163497   0.691944   0.263604
15.375
  0.664435   0.181596  -0.724947  0.0926744
 -0.244195   0.969539  0.0190538 -0.0508877
  0.706325   0.164368   0.688541   0.266155
15.4167
  0.660348   0.180961   -0.72883  0.0930309
 -0.244239    0.96952   0.019431 -0.0516903
  0.710132   0.165178   0.684419   0.269119
15.4583
  0.656607   0.180461  -0.732326  0.0927867
 -0.244423   0.969468   0.019747 -0.0523946
   0.71353   0.166031   0.680668   0.271492
15.5
  0.651051   0.179817  -0.737427  0.0947549
 -0.243902   0.969571  0.0210907 -0.0542805
   0.71878   0.166129   0.675098   0.274072
15.5417
 0.646047  0.179737 -0.741834  0.095695
-0.244673  0.969361 0.0217841 -0.055335
 0.723021  0.167433  0.670229  0.277237
15.5833
  0.641824   0.179878  -0.745457  0.0958888
 -0.245786   0.969069  0.0222179 -0.0562185
  0.726396   0.168963   0.666183   0.279919
15.625
  0.637606   0.179886  -0.749066  0.0961151
   -0.2468   0.968803  0.0225794 -0.0570969
  0.729759   0.170473   0.662111   0.282714
15.6667
    0.6332   0.180098  -0.752743  0.0963816
 -0.248148    0.96845  0.0229679 -0.0579976
  0.733131   0.172249   0.657913   0.285636
15.7083
  0.628986   0.180466  -0.756181  0.0963527
 -0.249674   0.968048  0.0233525 -0.0588346
  0.736234    0.17411   0.653946   0.288267
15.75
  0.624633   0.180466   -0.75978   0.096397
 -0.250649   0.967785  0.0238073 -0.0596379
  0.739601   0.175567   0.649744   0.290954
15.7917
 0.619346  0.180633 -0.764056 0.0978294
-0.250409  0.967796 0.0258183 -0.062214
 0.744114  0.175336  0.644633  0.292924
15.8333
  0.614637   0.180569  -0.767864  0.0980667
 -0.251082   0.967601  0.0265608 -0.0632079
  0.747783   0.176471   0.640062   0.295828
15.875
  0.609824   0.180687  -0.771665  0.0982785
 -0.252211    0.96729  0.0271782 -0.0641096
  0.751335   0.178049   0.635448   0.298814
15.9167
   0.60497   0.181338  -0.775324  0.0984532
 -0.254003     0.9668  0.0279281 -0.0649944
  0.754648   0.180039   0.630945   0.301767
15.9583
  0.600158   0.182198  -0.778855  0.0985612
 -0.256028   0.966242  0.0287478 -0.0658156
    0.7578   0.182156   0.626545   0.304666
16
  0.595198    0.18324  -0.782408  0.0986438
 -0.258044   0.965672  0.0298597 -0.0665817
  0.761021   0.184123    0.62205   0.307681
16.0417
  0.590134   0.184474  -0.785946  0.0987006
 -0.259726   0.965168  0.0315229 -0.0673209
  0.764384   0.185528   0.617491   0.310765
16.0833
  0.583889   0.186366  -0.790153   0.100226
 -0.260443   0.964851  0.0351143 -0.0702693
  0.768924   0.185287   0.611903   0.313426
16.125
 0.578561  0.188287 -0.793609    0.1004
-0.262775  0.964141 0.0371771 -0.071174
  0.77215  0.187031  0.607292  0.316596
16.1667
  0.573917   0.190033  -0.796559   0.100045
 -0.265182   0.963418  0.0387776 -0.0716414
  0.774789   0.188978   0.603315   0.319195
16.2083
  0.569013   0.190745    -0.7999  0.0996345
 -0.266037   0.963115  0.0404191 -0.0722322
  0.778106   0.189804    0.59877   0.322112
16.25
 0.562449  0.191113 -0.804442       0.1
 -0.26656  0.962886 0.0423817 -0.073097
 0.782686  0.190595  0.592517  0.325564
16.2917
  0.555976   0.192225  -0.808665   0.100005
  -0.26818   0.962346  0.0443751 -0.0738777
  0.786746   0.192197   0.586593   0.328591
16.3333
  0.549522   0.193675  -0.812721   0.100508
 -0.269378   0.961883  0.0470809 -0.0755366
  0.790861   0.193057   0.580748   0.331401
16.375
  0.544096   0.194618  -0.816139   0.100354
 -0.271057   0.961339  0.0485364 -0.0760568
  0.794032   0.194812   0.575814   0.334257
16.4167
  0.538808   0.195525  -0.819424   0.100284
 -0.272738   0.960792  0.0499202 -0.0765636
  0.797057   0.196591    0.57101   0.337289
16.4583
  0.533661   0.196531  -0.822546   0.100264
  -0.27451   0.960214  0.0513243 -0.0772129
  0.799907   0.198407   0.566378   0.340285
16.5
 0.528672  0.197469 -0.825537  0.100165
 -0.27644  0.959596 0.0525041 -0.077534
  0.80255  0.200454    0.5619  0.343322
16.5417
  0.523567    0.19886  -0.828452   0.100275
 -0.278488    0.95891  0.0541752 -0.0783742
  0.805184    0.20235   0.557434   0.346113
16.5833
  0.519197   0.199639  -0.831011    0.10004
 -0.279968   0.958414  0.0553285 -0.0787857
  0.807498    0.20393   0.553498   0.348744
16.625
  0.514772   0.199973  -0.833679   0.100123
 -0.280664    0.95814  0.0565261 -0.0792269
  0.810085   0.204886   0.549349   0.351925
16.6667
  0.511195   0.200183  -0.835827  0.0996816
 -0.281113    0.95795  0.0575019 -0.0795993
  0.812191   0.205567   0.545974   0.354373
16.7083
  0.507403   0.200468  -0.838066  0.0995482
 -0.281838    0.95768  0.0584433 -0.0801095
  0.814316   0.206544   0.542429   0.357214
16.75
  0.503474   0.200761  -0.840362  0.0996571
 -0.282717   0.957366  0.0593323 -0.0807512
  0.816446   0.207713   0.538768   0.360471
16.7917
  0.500551   0.201198  -0.842002  0.0991972
    -0.284   0.956955   0.059835 -0.0812137
  0.817797   0.209179   0.536145   0.362865
16.8333
  0.498335   0.201504  -0.843243   0.098443
 -0.285947   0.956393  0.0595551 -0.0806947
  0.818472   0.211444   0.534224   0.365174
16.875
  0.495209   0.201886  -0.844991  0.0984068
 -0.286961   0.956046  0.0602453 -0.0810806
  0.820013   0.212646   0.531376   0.367569
16.9167
  0.491668   0.202217  -0.846977  0.0979869
 -0.287478   0.955822  0.0613235 -0.0813833
   0.82196   0.213337   0.528081   0.370123
16.9583
  0.487622   0.203353  -0.849042  0.0975813
 -0.288276   0.955454   0.063277 -0.0819428
  0.824088   0.213904   0.524523   0.372413
17
  0.483509   0.204186  -0.851192  0.0969169
 -0.288537   0.955243   0.065246 -0.0825534
  0.826417   0.214053   0.520784    0.37468
17.0417
  0.478863   0.204786   -0.85367  0.0966842
 -0.288694   0.955062  0.0671669 -0.0829376
  0.829063   0.214286   0.516465   0.377286
17.0833
  0.474774   0.205811  -0.855705  0.0959812
 -0.289217   0.954761   0.069168 -0.0833629
   0.83123   0.214645    0.51282   0.378996
17.125
  0.470492   0.206715   -0.85785  0.0953061
 -0.289678   0.954478  0.0711237 -0.0837178
  0.833501   0.215037   0.508955   0.380703
17.1667
  0.466061   0.207434  -0.860092  0.0945789
 -0.289896   0.954265  0.0730596 -0.0839634
  0.835911   0.215287    0.50488   0.382482
17.2083
 0.461186  0.208232 -0.862524 0.0942902
-0.290159  0.954021 0.0751753 -0.084347
  0.83852    0.2156  0.500401  0.384915
17.25
  0.458935   0.208376  -0.863689  0.0925398
 -0.290819   0.953788  0.0755822 -0.0833553
  0.839526    0.21649   0.498326   0.385922
17.2917
  0.454904   0.208935  -0.865684  0.0919047
 -0.290884    0.95363   0.077306 -0.0839507
  0.841694   0.216647   0.494586   0.387886
17.3333
  0.450389    0.20962  -0.867876  0.0912317
 -0.291505   0.953304  0.0789753 -0.0845318
  0.843904    0.21742   0.490463   0.390009
17.375
  0.446188   0.210177  -0.869909  0.0904246
 -0.292507   0.952895  0.0801958 -0.0848421
  0.845787   0.218672   0.486649   0.391709
17.4167
  0.442359   0.210499  -0.871785  0.0895563
 -0.293029   0.952638  0.0813338 -0.0851863
  0.847616   0.219479    0.48309   0.393282
17.4583
  0.438577   0.210797  -0.873622  0.0885826
 -0.293405   0.952421  0.0825146 -0.0856707
  0.849449   0.220136   0.479558   0.394905
17.5833
   0.42774   0.212126  -0.878659  0.0857119
 -0.296434   0.951233  0.0853396 -0.0869938
  0.853912   0.223961   0.469762   0.399577
17.625
  0.424678   0.212329  -0.880094  0.0848226
 -0.297505   0.950853  0.0858434 -0.0872499
  0.855067   0.225376   0.466975   0.401411
17.6667
  0.422288   0.212751  -0.881141   0.083854
 -0.298664   0.950444  0.0863483 -0.0875364
  0.855846   0.226702   0.464902   0.403014
17.7083
  0.421043   0.213097  -0.881653   0.082572
 -0.298538   0.950411  0.0871461 -0.0884268
  0.856504   0.226515   0.463781   0.403504
17.75
  0.419094   0.212417  -0.882745  0.0815741
  -0.29794   0.950585  0.0872915 -0.0886842
  0.857667   0.226421   0.461672   0.405036
17.7917
  0.416906   0.212424  -0.883779  0.0803883
 -0.298425   0.950399  0.0876604 -0.0890268
  0.858564   0.227196   0.459619   0.406647
17.8333
  0.414346   0.212326  -0.885006  0.0794238
 -0.298663   0.950278  0.0881565 -0.0895951
  0.859719   0.227791   0.457158   0.408862
17.875
  0.412014   0.211844  -0.886209  0.0781033
 -0.298598   0.950282  0.0883376 -0.0897649
  0.860862   0.228224   0.454785   0.410706
17.9167
  0.408525   0.211489  -0.887908  0.0771509
 -0.298724   0.950192  0.0888817 -0.0901001
   0.86248   0.228929   0.451353   0.413267
17.9583
  0.405966   0.211212  -0.889146  0.0757673
 -0.299256    0.95001  0.0890352 -0.0900406
  0.863503   0.229938   0.448878    0.41476
18
  0.403768   0.211045  -0.890186  0.0743883
 -0.299564   0.949886  0.0893238 -0.0902697
  0.864427   0.230601   0.446755    0.41633
18.0417
  0.401281   0.211044   -0.89131    0.07306
 -0.299736   0.949773   0.089941 -0.0910201
  0.865524   0.231067   0.444383   0.418366
18.0833
  0.398628   0.210623  -0.892599  0.0717715
  -0.30047   0.949548  0.0898738 -0.0911885
  0.866495   0.232373   0.441802   0.420511
18.125
  0.396157   0.210167  -0.893806  0.0702721
 -0.301205   0.949329  0.0897217 -0.0911933
  0.867373   0.233675   0.439386   0.422221
18.1667
   0.39338   0.209259  -0.895244  0.0689166
 -0.301564   0.949248  0.0893718 -0.0907949
  0.868511   0.234816   0.436521   0.424229
18.2083
 0.389432  0.208843 -0.897066 0.0687626
-0.300456  0.949482 0.0906123 -0.092808
 0.870672  0.234242  0.432506   0.42626
18.25
  0.386913   0.208764  -0.898173    0.06726
  -0.30109    0.94925  0.0909329 -0.0931785
  0.871575   0.235248   0.430134   0.428065
18.2917
   0.38487    0.20878  -0.899047  0.0657446
 -0.301835   0.948991  0.0911673 -0.0936575
  0.872222   0.236276   0.428255   0.430089
18.3333
  0.383511   0.208576  -0.899675  0.0643726
  -0.30259   0.948769  0.0909705 -0.0941349
  0.872558   0.237345   0.426977   0.432178
18.375
 0.382537  0.208089 -0.900203 0.0629684
-0.302913  0.948704 0.0905786 -0.094355
 0.872874  0.238034  0.425947  0.434066
18.4167
  0.381409   0.207297  -0.900864  0.0614512
 -0.302641   0.948827  0.0902011 -0.0946492
  0.873462   0.238234   0.424627   0.435959
18.4583
 0.379723  0.206345 -0.901794 0.0599041
 -0.30184  0.949094  0.090071 -0.095041
 0.874473  0.237995  0.422676  0.437843
18.5
  0.376879   0.205332  -0.903217  0.0583496
  -0.30126   0.949276   0.090098 -0.0954366
  0.875902   0.238147    0.41962   0.440175
18.5417
  0.373689   0.204993  -0.904618  0.0568158
 -0.301606   0.949129  0.0904891 -0.0959397
  0.877149   0.239023   0.416506   0.442172
18.5833
  0.370156   0.204575  -0.906164  0.0553618
 -0.302563   0.948813  0.0906106 -0.0963013
  0.878317   0.240632   0.413105   0.444535
18.625
  0.366725   0.203245  -0.907857  0.0544866
 -0.301014   0.949275  0.0909242 -0.0981434
  0.880286   0.239934   0.409302   0.446305
18.6667
   0.36266   0.203176  -0.909504  0.0528878
  -0.30286   0.948665  0.0911608 -0.0986508
  0.881336   0.242391   0.405577   0.448194
18.7083
  0.357894    0.20328  -0.911367  0.0512228
 -0.304944   0.947946  0.0916872 -0.0989958
  0.882565   0.245102   0.401253   0.450258
18.75
  0.352969   0.203427  -0.913253  0.0497106
 -0.306852   0.947261  0.0924049 -0.0995413
  0.883886   0.247617   0.396775   0.452619
18.7917
  0.349145   0.203295  -0.914751  0.0482687
 -0.308585   0.946678   0.092609 -0.0998614
  0.884801   0.249945   0.393262    0.45492
18.8333
 0.346539   0.20278 -0.915855 0.0467885
-0.309465  0.946406 0.0924501 -0.100332
 0.885518  0.251387   0.39072  0.457075
18.875
 0.344546  0.201911 -0.916799  0.045221
 -0.30968  0.946375 0.0920427 -0.100939
  0.88622  0.252201  0.388598  0.459176
18.9167
 0.342121   0.20092 -0.917924 0.0436383
-0.310227  0.946249 0.0914948 -0.101529
 0.886968  0.253462  0.386063  0.461527
18.9583
 0.339355  0.199901 -0.919172  0.042105
-0.311086  0.946026 0.0908892 -0.101909
  0.88773  0.255098  0.383225  0.463708
19
 0.336043   0.19912 -0.920558 0.0405307
-0.312211  0.945684 0.0905849 -0.102337
 0.888594  0.256968  0.379958  0.466086
19.0417
 0.332145  0.198948 -0.922008 0.0394717
-0.311329  0.945844 0.0919372 -0.105307
 0.890367  0.256512  0.376096  0.467735
19.0833
 0.327984  0.198063 -0.923687 0.0378363
-0.312834  0.945377 0.0916325  -0.10576
 0.891382  0.258907  0.372029  0.469933
19.125
 0.323755  0.196928  -0.92542 0.0363855
-0.314203  0.944969 0.0911647 -0.106262
 0.892446  0.261255  0.367814  0.472019
19.1667
 0.320086  0.195795 -0.926935 0.0349696
-0.315548  0.944579 0.0905584 -0.106557
 0.893294  0.263506  0.364129   0.47391
19.2083
 0.316382  0.194931 -0.928388 0.0335992
-0.317073  0.944104 0.0901769 -0.107081
 0.894074  0.265836  0.360505  0.476329
19.25
 0.313197  0.194294 -0.929601 0.0322369
-0.318953  0.943512 0.0897414 -0.107494
 0.894526  0.268392  0.357476   0.47861
19.2917
 0.310622  0.193813 -0.930565    0.0307
-0.320771  0.942936 0.0893169 -0.107733
 0.894774  0.270755  0.355066  0.480318
19.3333
 0.307723  0.193111 -0.931673 0.0291976
-0.321912  0.942573 0.0890456 -0.108073
 0.895366  0.272515  0.352216  0.482221
19.375
  0.30439  0.192724 -0.932847 0.0273337
 -0.32227  0.942403 0.0895406 -0.109553
 0.896375  0.273374  0.348968  0.483789
19.4167
 0.300437  0.191969 -0.934283 0.0258075
-0.323118  0.942101 0.0896709  -0.10981
 0.897403  0.274943   0.34507  0.485325
19.4583
 0.295655  0.191272  -0.93595  0.024397
-0.323582  0.941884 0.0902696 -0.110341
 0.898823  0.276168  0.340365  0.487427
19.5
 0.291702   0.19072 -0.937302 0.0230366
-0.324439  0.941556 0.0906151  -0.11068
 0.899805  0.277665  0.336531  0.489488
19.5417
 0.288536  0.190216 -0.938384 0.0217348
-0.325369  0.941223 0.0907467 -0.111042
  0.90049  0.279137  0.333467  0.491496
19.5833
  0.28594  0.189698 -0.939283 0.0204001
-0.325953  0.941013 0.0908198 -0.111352
 0.901106  0.280194  0.330906  0.493111
19.625
 0.283248   0.18931 -0.940177 0.0190349
 -0.32637   0.94084 0.0911179 -0.111757
 0.901805  0.281037  0.328276  0.494749
19.6667
 0.280708  0.188911 -0.941018 0.0176649
-0.326799  0.940668  0.091356 -0.112147
 0.902444   0.28188  0.325789  0.496343
19.7083
 0.278348  0.188402 -0.941821 0.0163171
-0.326706  0.940675 0.0916168 -0.112541
 0.903209  0.282197  0.323387  0.497595
19.75
 0.275803  0.187664 -0.942717 0.0150325
-0.325954  0.940904 0.0919413 -0.113005
  0.90426  0.281925  0.320674  0.499168
19.7917
  0.27489  0.187028  -0.94311 0.0132362
-0.325122  0.941198 0.0918852 -0.113423
 0.904838  0.281367  0.319533  0.499461
19.8333
 0.273036  0.186326 -0.943787 0.0119013
-0.324334  0.941455 0.0920359 -0.113862
 0.905681  0.280973  0.317483  0.500387
19.875
 0.270896  0.185441 -0.944578 0.0106341
-0.323257   0.94181   0.09219 -0.114159
 0.906708  0.280368  0.315078  0.501697
19.9167
 0.268574  0.184517 -0.945421 0.0094047
-0.322031  0.942208 0.0924082 -0.114449
 0.907835  0.279636  0.312473  0.503191
20
  0.264052   0.183659  -0.946861 0.00686729
 -0.319506   0.942931  0.0937961  -0.115183
  0.910051   0.277761   0.307663   0.505995
20.0417
  0.261741   0.183654  -0.947503 0.00553127
