8
  0.990945  0.0298909  -0.130896  0.0348707
-0.0342498   0.998927 -0.0311765  0.0104378
  0.129824  0.0353773   0.990906  0.0133546
8.04167
   0.99033  0.0316862  -0.135068  0.0359715
-0.0363329   0.998825 -0.0320773  0.0106509
  0.133893  0.0366745   0.990317  0.0136918
8.08333
  0.989752  0.0333148  -0.138859  0.0366586
-0.0382634   0.998719 -0.0331209   0.011019
  0.137578  0.0380946   0.989758  0.0138904
8.125
  0.989249  0.0345883  -0.142089  0.0370787
-0.0396996   0.998657 -0.0332963   0.010791
  0.140746  0.0385792   0.989294  0.0144566
8.16667
  0.988481  0.0357868  -0.147051  0.0382224
-0.0412948   0.998549  -0.034575  0.0113341
    0.1456  0.0402492   0.988525  0.0149161
8.20833
  0.987775  0.0369153   -0.15145  0.0385441
-0.0427254   0.998463  -0.035289  0.0113027
  0.149914  0.0413283   0.987835  0.0149755
8.25
    0.9869  0.0381425  -0.156758  0.0400993
-0.0443796   0.998348 -0.0364814   0.011956
  0.155108  0.0429604   0.986963  0.0154769
8.29167
  0.986082  0.0396212  -0.161469  0.0413959
-0.0462429   0.998228  -0.037458  0.0124628
  0.159698  0.0444034   0.986167  0.0158642
8.33333
    0.9853   0.041366  -0.165749  0.0428531
-0.0483902   0.998084 -0.0385651  0.0132872
  0.163836  0.0460189   0.985414  0.0162528
8.375
  0.984638  0.0428173  -0.169274  0.0439463
-0.0501806    0.99796 -0.0394611  0.0140365
  0.167239  0.0473492   0.984779  0.0165699
8.41667
  0.984018  0.0440194  -0.172544  0.0447607
-0.0516412   0.997867 -0.0399339  0.0144817
  0.170418  0.0482061   0.984192   0.016855
8.45833
  0.983473  0.0451274  -0.175343  0.0455323
-0.0527988    0.99783 -0.0393329  0.0138087
  0.173187  0.0479408   0.983721   0.017107
8.5
 0.982779 0.0463044 -0.178887 0.0469757
-0.054326  0.997714 -0.040204 0.0145818
 0.176616 0.0492299  0.983048 0.0176996
8.54167
  0.982201   0.047211  -0.181805   0.047738
-0.0554535   0.997639 -0.0405211  0.0147997
  0.179462  0.0498816   0.982499  0.0179427
8.58333
  0.981531  0.0479626  -0.185192  0.0488449
-0.0564864    0.99756 -0.0410254  0.0152103
  0.182773  0.0507285   0.981846  0.0184383
8.625
  0.980829  0.0486969  -0.188689  0.0501448
-0.0575582   0.997468 -0.0417684  0.0158327
  0.186177  0.0518283   0.981148  0.0189495
8.66667
  0.980189  0.0493255  -0.191826  0.0509924
-0.0584542   0.997397 -0.0422208  0.0161589
  0.189244  0.0525974    0.98052  0.0192991
8.70833
  0.979426  0.0500186  -0.195506  0.0526601
-0.0594889   0.997308 -0.0428683  0.0167261
  0.192836  0.0536168   0.979765  0.0199795
8.75
  0.978669   0.050976   -0.19902  0.0546778
-0.0608597   0.997182 -0.0438605  0.0176433
  0.196224  0.0550372   0.979013  0.0207998
8.79167
   0.97811  0.0518262  -0.201533  0.0557593
 -0.062063   0.997066 -0.0448079  0.0183246
   0.19862  0.0563348   0.978456  0.0213782
8.83333
  0.977509  0.0524395  -0.204271  0.0567969
-0.0629636   0.996984  -0.045362  0.0185464
  0.201276  0.0572034   0.977863  0.0218993
8.875
  0.977048  0.0531908  -0.206272  0.0573603
-0.0638244   0.996935 -0.0452399  0.0179174
  0.203234  0.0573668   0.977448   0.022337
8.91667
  0.976418  0.0539856   -0.20903  0.0590192
-0.0650386   0.996805 -0.0463655  0.0184079
  0.205859  0.0588671   0.976809  0.0232246
8.95833
 0.975673  0.054896 -0.212248 0.0610475
-0.066568  0.996615 -0.048238 0.0193659
 0.208882 0.0611935  0.976024 0.0242196
9
  0.975115  0.0560667  -0.214494  0.0618134
-0.0681434   0.996456 -0.0493238  0.0192616
  0.210969  0.0627127   0.975479  0.0246235
9.08333
  0.973837  0.0586931  -0.219538  0.0632722
 -0.071787   0.996056 -0.0521419  0.0196174
  0.215612  0.0665377   0.974209  0.0252006
9.125
  0.973017   0.060191  -0.222746  0.0642676
-0.0737997   0.995849 -0.0532766   0.019877
  0.218614  0.0682776    0.97342  0.0255343
9.16667
  0.972259  0.0618605  -0.225577  0.0649234
-0.0759071   0.995645 -0.0541294  0.0201047
  0.221246  0.0697507   0.972721  0.0256278
9.20833
   0.97151  0.0632062  -0.228416  0.0654313
-0.0776292    0.99548 -0.0547116  0.0202566
  0.223925  0.0708846   0.972025  0.0257171
9.25
  0.970667  0.0644933  -0.231616  0.0663109
-0.0793038   0.995321 -0.0552037    0.02048
  0.226972  0.0719525    0.97124  0.0259282
9.29167
   0.96982  0.0660921  -0.234695  0.0670893
-0.0813407   0.995118 -0.0558865  0.0209572
  0.229856  0.0732901   0.970461  0.0262083
9.33333
  0.969199  0.0671586  -0.236944  0.0674747
-0.0825278    0.99504 -0.0555423  0.0204534
  0.232039   0.073386   0.969934  0.0261303
9.375
  0.968416  0.0681679  -0.239841  0.0683597
-0.0839214   0.994893 -0.0560834  0.0207979
  0.234793  0.0744398   0.969191  0.0261873
9.41667
  0.967672  0.0693993  -0.242476   0.068854
-0.0854619   0.994746 -0.0563533  0.0206944
  0.237291  0.0752539   0.968519  0.0263008
9.45833
  0.966811  0.0709346   -0.24545  0.0697172
-0.0874838   0.994524 -0.0571771  0.0211963
   0.24005  0.0767523   0.967722  0.0266413
9.5
  0.965978  0.0718181  -0.248452  0.0704837
-0.0888839   0.994343 -0.0581523  0.0220245
   0.24287  0.0782573   0.966897  0.0268915
9.54167
  0.965329  0.0718231   -0.25096  0.0704837
-0.0890552   0.994338 -0.0579818  0.0216514
  0.245375  0.0783208   0.966259  0.0265738
9.58333
  0.964537  0.0715536  -0.254062  0.0711839
-0.0890639   0.994331 -0.0580862  0.0216735
  0.248465  0.0786541   0.965442  0.0268388
9.625
  0.963796  0.0711016  -0.256986  0.0716703
-0.0889686   0.994311  -0.058565   0.021905
   0.25136  0.0793084   0.964639  0.0270411
9.66667
    0.9631   0.070919  -0.259632  0.0718099
-0.0890158   0.994305  -0.058606  0.0217496
  0.253997  0.0795548   0.963928  0.0270174
9.70833
  0.962264  0.0706902  -0.262774   0.072571
-0.0892329   0.994244 -0.0592992  0.0223881
   0.25707  0.0805096   0.963033  0.0273359
9.75
    0.9615  0.0699278   -0.26576  0.0732184
-0.0888359    0.99425 -0.0597906   0.022845
  0.260051  0.0810977   0.962183  0.0276828
9.79167
  0.960959  0.0689959  -0.267949  0.0729892
-0.0879927   0.994341 -0.0595335  0.0223684
  0.262325  0.0807869   0.961592  0.0274717
9.83333
  0.960238   0.068367  -0.270682   0.073522
-0.0876221   0.994364  -0.059688  0.0223937
  0.265076  0.0810325   0.960817  0.0279633
9.875
  0.959402  0.0681026  -0.273697  0.0744774
-0.0877797   0.994314 -0.0602881   0.022849
  0.268034  0.0818656   0.959925  0.0287585
9.91667
  0.958777  0.0684111    -0.2758  0.0744377
-0.0882511    0.99428 -0.0601644  0.0225218
  0.270107   0.082024    0.95933  0.0288603
9.95833
  0.957936  0.0691194  -0.278532  0.0753248
-0.0893858   0.994145 -0.0607155  0.0230068
  0.272705  0.0830584   0.958506  0.0296257
10
  0.957186  0.0698823  -0.280912  0.0761108
-0.0905798   0.993997 -0.0613679    0.02361
  0.274937  0.0841855    0.95777  0.0304387
10.0417
  0.957244  0.0699885  -0.280689  0.0746876
-0.0901846   0.994135  -0.059677  0.0215946
  0.274866  0.0824392   0.957942  0.0299622
10.0833
   0.95663  0.0704214  -0.282667  0.0750701
-0.0908249   0.994074 -0.0597228  0.0214294
  0.276786  0.0828058   0.957357  0.0304899
10.125
  0.956026  0.0708483  -0.284597  0.0755425
-0.0915417   0.993988 -0.0600634  0.0216897
   0.27863  0.0834747   0.956764  0.0312006
10.1667
  0.955474  0.0709703  -0.286413   0.075798
-0.0918968   0.993942 -0.0602787  0.0218024
    0.2804  0.0839151   0.956208  0.0317665
10.2083
  0.954855   0.070901  -0.288489  0.0760228
-0.0920406   0.993924 -0.0603669  0.0217911
  0.282456  0.0841943   0.955578  0.0324207
10.25
  0.954279   0.070969  -0.290371  0.0757327
-0.0921108   0.993952 -0.0597843  0.0211107
  0.284372  0.0837971   0.955045  0.0327602
10.2917
  0.953566   0.070578    -0.2928   0.075831
-0.0918502   0.993992 -0.0595331  0.0207578
  0.286839  0.0836624   0.954319  0.0334191
10.3333
   0.95286  0.0699207  -0.295244  0.0759807
-0.0913331    0.99405 -0.0593512  0.0203578
  0.289337  0.0835189   0.953577  0.0342362
10.375
  0.952052  0.0696818  -0.297896  0.0760624
-0.0913867   0.994034  -0.059547  0.0202925
  0.291969  0.0839155   0.952739  0.0351759
10.4167
  0.951235  0.0696636  -0.300498  0.0762492
-0.0916042   0.994014 -0.0595363  0.0201501
  0.294552  0.0841599   0.951922  0.0361601
10.4583
  0.950367  0.0691714  -0.303345  0.0769016
-0.0914289   0.994016 -0.0597786   0.020287
  0.297394  0.0845461   0.951004  0.0373736
10.5
  0.949545  0.0687462  -0.306003  0.0772848
-0.0912481   0.994029 -0.0598308  0.0201123
  0.300063  0.0847342   0.950149  0.0383596
10.5417
  0.948695  0.0690114  -0.308571  0.0775443
-0.0918951   0.993945 -0.0602352  0.0202542
  0.302545  0.0855009   0.949292  0.0393753
10.5833
  0.947788  0.0694826   -0.31124  0.0779555
-0.0927294   0.993851  -0.060508  0.0206654
  0.305122  0.0862098   0.948403  0.0403679
10.625
  0.946864  0.0700342  -0.313916  0.0786375
-0.0937181   0.993729 -0.0609822  0.0210584
  0.307677  0.0871615    0.94749  0.0417487
10.6667
  0.945787  0.0711982  -0.316887  0.0798317
-0.0954738   0.993516 -0.0617295  0.0218363
  0.310437  0.0886373   0.946452  0.0433595
10.7083
  0.945713  0.0726143  -0.316788  0.0788003
-0.0964672   0.993511 -0.0602524  0.0199123
  0.310357  0.0875411   0.946581  0.0440625
10.75
  0.945192  0.0739162  -0.318038  0.0790103
-0.0980057   0.993351 -0.0603999  0.0196958
  0.311459   0.088259   0.946152  0.0452531
10.7917
  0.944531  0.0754046  -0.319647  0.0790827
-0.0996978   0.993189 -0.0603062  0.0191605
  0.312923  0.0888292   0.945616  0.0464396
10.8333
  0.943751  0.0768318  -0.321606  0.0791681
 -0.101512   0.992983 -0.0606615  0.0193154
  0.314688  0.0898961   0.944929  0.0477998
10.875
  0.94291 0.0774441 -0.323919 0.0794155
-0.102381  0.992895  -0.06064 0.0189991
 0.316922 0.0903414  0.944139 0.0493138
10.9167
  0.941992  0.0780322  -0.326439  0.0797003
 -0.103283   0.992797 -0.0607215  0.0187932
  0.319349  0.0909148   0.943266  0.0509419
10.9583
  0.941074  0.0787156  -0.328912  0.0799077
 -0.104275    0.99269 -0.0607765   0.018525
  0.321724  0.0914925   0.942403  0.0525383
11
  0.940166   0.079142  -0.331397  0.0798377
 -0.104993   0.992612 -0.0608155  0.0181482
  0.324135  0.0919712   0.941529  0.0539936
11.0417
  0.939178  0.0795439  -0.334093    0.07973
 -0.105634   0.992555 -0.0606332  0.0176652
  0.326783  0.0922369   0.940588  0.0555122
11.0833
 0.937969 0.0802224 -0.337309 0.0805007
-0.106788  0.992414 -0.060923 0.0176983
 0.329863 0.0931644   0.93942 0.0578165
11.125
  0.937021  0.0808776  -0.339779  0.0804367
  -0.10778     0.9923 -0.0610315   0.017321
  0.332227  0.0938092   0.938523  0.0595434
11.1667
  0.935914  0.0815498  -0.342659  0.0803064
 -0.108724   0.992209 -0.0608246  0.0165711
   0.33503   0.094182   0.937489  0.0607801
11.2083
  0.934566  0.0820787  -0.346192  0.0797083
  -0.10946   0.992163 -0.0602623  0.0158044
  0.338533  0.0942133   0.936226  0.0622359
11.25
   0.93293  0.0827875   -0.35041  0.0795739
 -0.110424   0.992096 -0.0596013  0.0148958
  0.342706  0.0942975   0.934698  0.0637186
11.2917
   0.93121  0.0839839  -0.354677  0.0793222
 -0.112117   0.991913 -0.0594896  0.0144582
  0.346812  0.0951624   0.933095  0.0651389
11.3333
  0.929806  0.0851418  -0.358066  0.0781681
 -0.113425   0.991811 -0.0586996  0.0131839
  0.350136  0.0951927   0.931849  0.0665485
11.375
  0.927951  0.0857692    -0.3627   0.078154
 -0.114661    0.99166 -0.0588535  0.0127826
  0.354627  0.0962008   0.930046  0.0684209
11.4167
  0.926222  0.0859948  -0.367038  0.0775996
 -0.115296     0.9916 -0.0586239  0.0118685
  0.358913  0.0966167   0.928357  0.0697537
11.4583
  0.924221  0.0862404  -0.371992  0.0772391
 -0.116101   0.991508 -0.0585902   0.011411
   0.36378   0.097339   0.926385  0.0714124
11.5
  0.921795  0.0870251  -0.377784  0.0778659
 -0.117719     0.9913 -0.0588826  0.0114265
  0.369373    0.09875    0.92402  0.0738987
11.5417
  0.919414  0.0889162  -0.383108  0.0786551
 -0.120545   0.990935 -0.0593059  0.0115609
  0.374361   0.100708   0.921798  0.0763591
11.5833
  0.917353  0.0911633  -0.387496  0.0789308
 -0.123564   0.990552 -0.0594848  0.0114803
  0.378412   0.102449    0.91995   0.078404
11.625
  0.915391  0.0932215  -0.391625  0.0789452
 -0.126297   0.990206 -0.0595029  0.0111306
  0.382242    0.10393   0.918199  0.0803156
11.6667
  0.913421  0.0951937  -0.395728  0.0785561
 -0.128718   0.989926 -0.0589772  0.0101432
  0.386127   0.104808   0.916472  0.0816983
11.7083
  0.911026   0.097212  -0.400725  0.0789079
 -0.131615   0.989534 -0.0591677 0.00988536
  0.390779   0.106645   0.914286  0.0838344
11.75
  0.908681  0.0994532  -0.405473  0.0786863
  -0.13462   0.989135 -0.0590772 0.00948587
  0.395192   0.108267   0.912196  0.0854277
11.7917
   0.90701   0.101495  -0.408695  0.0769105
 -0.136837   0.988888 -0.0581013 0.00814536
  0.398257   0.108623    0.91082  0.0855831
11.8333
  0.904449   0.103485   -0.41384  0.0771961
 -0.139709   0.988483 -0.0581554 0.00790788
  0.403056   0.110416    0.90849  0.0875526
11.875
  0.902075   0.104946  -0.418625    0.07745
 -0.142017   0.988146 -0.0583042 0.00782199
  0.407543   0.112046   0.906286  0.0895915
11.9167
  0.899895   0.106065  -0.423012  0.0772645
  -0.14369   0.987923 -0.0579694 0.00727532
  0.411755   0.112949   0.904268  0.0912026
11.9583
  0.897487     0.1072  -0.427815  0.0772101
  -0.14532   0.987721 -0.0573592  0.0064712
  0.416413   0.113649   0.902045  0.0930165
12
  0.894902   0.108803  -0.432797  0.0771968
 -0.147582    0.98741 -0.0569276 0.00589148
  0.421154   0.114818   0.899692  0.0948905
12.0417
  0.892205   0.110606  -0.437878  0.0771376
  -0.15004   0.987071 -0.0563879 0.00518873
   0.42598   0.116009   0.897264  0.0965248
12.0833
  0.889189   0.112729  -0.443435  0.0776498
 -0.153085   0.986616 -0.0561554 0.00484256
   0.43117   0.117816   0.894546  0.0987371
12.125
  0.886254   0.115794  -0.448493  0.0781455
 -0.157351   0.985932 -0.0563842 0.00500242
  0.435655   0.120542   0.892006   0.100993
12.1667
  0.884446    0.11877  -0.451274  0.0765174
 -0.161113   0.985321 -0.0564387 0.00479027
  0.437946   0.122623   0.890599   0.102143
12.2083
   0.88204   0.121097  -0.455347  0.0764609
 -0.164181   0.984833 -0.0561193 0.00420549
  0.441645   0.124259   0.888543   0.103867
12.25
   0.87953   0.123422  -0.459558  0.0762551
 -0.167265   0.984334 -0.0557629 0.00371277
  0.445477   0.125913   0.886395   0.105619
12.2917
  0.876757   0.126017   -0.46413  0.0760778
 -0.170466   0.983833 -0.0548945  0.0028287
  0.449709   0.127248   0.884065   0.107354
12.3333
   0.87377    0.12839  -0.469086  0.0757407
 -0.173545   0.983338 -0.0541208 0.00217604
  0.454321   0.128696   0.881493   0.109049
12.375
  0.870433   0.130459  -0.474687  0.0758005
 -0.176537   0.982833 -0.0536028 0.00189973
  0.459545   0.130458   0.878521   0.111085
12.4167
  0.866883   0.132581  -0.480559  0.0765101
 -0.179898   0.982228 -0.0535332 0.00210287
  0.464921   0.132858   0.875327   0.113663
12.4583
  0.863676   0.134834  -0.485678  0.0772486
 -0.183465   0.981555 -0.0537551 0.00251688
  0.469472   0.135532   0.872483   0.116424
12.5
  0.860983   0.136548  -0.489963   0.077713
 -0.186262    0.98102  -0.053906 0.00249977
  0.473303   0.137674   0.870075   0.118949
12.5417
   0.858887    0.138536   -0.493072   0.0769634
  -0.188286    0.980714  -0.0524313 0.000489095
   0.476299    0.137871    0.868407    0.119881
12.5833
   0.856355    0.140438   -0.496924   0.0771191
  -0.191116    0.980171  -0.0523402 0.000254171
    0.47972    0.139792    0.866214    0.122171
12.625
    0.853834     0.141972    -0.500812    0.0771571
   -0.193387     0.979746    -0.051963 -0.000254954
    0.483291     0.141218     0.863995     0.124301
12.6667
    0.850988     0.143536     -0.50519    0.0775014
   -0.195839     0.979275   -0.0516557 -0.000603656
    0.487305     0.142894     0.861461     0.126702
12.7083
    0.848066     0.145745    -0.509453    0.0779037
    -0.19904     0.978644   -0.0513628 -0.000672442
    0.491088     0.144961     0.858964     0.129259
12.75
    0.845524     0.147675    -0.513109    0.0779224
   -0.201785     0.978101   -0.0510095 -0.000857458
     0.49434     0.146668     0.856806     0.131522
12.7917
    0.84309    0.148761   -0.516787   0.0780962
  -0.203631    0.977731  -0.0507588 -0.00106081
   0.497728    0.148028    0.854608    0.133986
12.8333
   0.840657    0.149619    -0.52049    0.078618
  -0.205381    0.977365  -0.0507652 -0.00117701
   0.501113    0.149575    0.852357    0.136602
12.875
  0.838585   0.151121  -0.523391  0.0785158
  -0.20768   0.976883 -0.0506892   -0.00147
  0.503631   0.151205   0.850584   0.138886
12.9167
  0.836461   0.152536   -0.52637  0.0785896
 -0.209709    0.97647   -0.05028 -0.0019535
  0.506315   0.152442   0.848768   0.141063
12.9583
   0.834138    0.153565   -0.529746   0.0789353
  -0.210839    0.976293  -0.0489749 -0.00362052
   0.509667    0.152543    0.846741    0.142808
13
   0.831636    0.155074   -0.533229   0.0788083
  -0.213075     0.97583  -0.0485263 -0.00403659
   0.512816    0.153974    0.844578    0.144871
13.0417
   0.828812     0.15668   -0.537143   0.0788243
  -0.215381    0.975358  -0.0478298 -0.00443379
   0.516412    0.155332    0.842134    0.147097
13.0833
   0.825964    0.158104   -0.541097   0.0787132
  -0.217582    0.974897  -0.0472737 -0.00461712
    0.52004    0.156779     0.83963    0.149261
13.125
   0.822862    0.160013   -0.545246   0.0790708
  -0.220394    0.974293  -0.0466843 -0.00482189
   0.523759    0.158584    0.836975     0.15185
13.1667
   0.820046    0.162323   -0.548795   0.0791491
  -0.223712    0.973554  -0.0463269 -0.00502268
   0.526761    0.160762    0.834673    0.154123
13.2083
   0.817376     0.16446   -0.552131    0.079056
  -0.226775    0.972863  -0.0459386 -0.00504298
   0.529593    0.162759    0.832491    0.155983
13.25
     0.8146    0.166302   -0.555671   0.0791786
  -0.229416    0.972272  -0.0453356 -0.00459868
   0.532724     0.16441    0.830166    0.158397
13.2917
   0.811833    0.167767   -0.559268   0.0796955
  -0.231549      0.9718  -0.0445984 -0.00380946
   0.536015    0.165704    0.827786    0.161028
13.3333
   0.809486    0.169127   -0.562253   0.0797022
  -0.232728      0.9716  -0.0428027 -0.00402218
   0.539046      0.1655    0.825857    0.163222
13.375
   0.807381    0.170238   -0.564938   0.0796325
  -0.231874    0.971984  -0.0384858 -0.00730542
   0.542559    0.162067    0.824236    0.164117
13.4167
   0.804905    0.170747   -0.568307   0.0797077
  -0.232037    0.972018  -0.0365972 -0.00758921
   0.546156    0.161326    0.822002    0.166265
13.4583
   0.802499    0.170761   -0.571696   0.0797302
   -0.23175    0.972148  -0.0349386 -0.00739395
   0.549807    0.160528    0.819721    0.168503
13.5
   0.800116    0.170271   -0.575171   0.0799608
  -0.230984    0.972382  -0.0334611 -0.00725934
   0.553589    0.159628    0.817348    0.170746
13.5417
    0.79796    0.169769   -0.578306   0.0801977
  -0.230038    0.972659  -0.0318767 -0.00711916
   0.557083    0.158469    0.815197    0.172964
13.5833
  0.796171   0.168807  -0.581047  0.0805663
 -0.228371   0.973105 -0.0302125  -0.006991
   0.56032   0.156748   0.813309   0.175273
13.625
   0.794777    0.168814    -0.58295   0.0801592
  -0.226891    0.973534  -0.0274141 -0.00814695
   0.562894    0.154054    0.812045     0.17709
13.6667
   0.792908     0.16902   -0.585431   0.0805029
  -0.226774    0.973599  -0.0260544 -0.00823485
   0.565571    0.153419    0.810303    0.179223
13.7083
   0.791139    0.169761   -0.587605   0.0802272
  -0.226951    0.973603   -0.024284 -0.00913478
   0.567972    0.152569    0.808783    0.181036
13.75
   0.789024     0.16959   -0.590492   0.0803328
  -0.226673    0.973694  -0.0232376 -0.00980232
   0.571017    0.152184    0.806709    0.182954
13.7917
  0.786669   0.169272  -0.593717  0.0802356
 -0.226487   0.973755 -0.0224701 -0.0105369
  0.574331   0.152146    0.80436   0.184664
13.8333
  0.783357   0.168349   -0.59834  0.0815496
 -0.225162   0.974101 -0.0207128 -0.0126788
  0.579357   0.150949   0.800974   0.186521
13.875
  0.780651   0.167592  -0.602077  0.0813864
 -0.224774     0.9742 -0.0202671  -0.013286
  0.583147   0.151153   0.798181   0.188182
13.9167
  0.777849   0.166705  -0.605937  0.0814929
 -0.224598    0.97424 -0.0202878 -0.0139674
  0.586946   0.151873   0.795254       0.19
13.9583
  0.775314    0.16605  -0.609356  0.0816088
 -0.224889   0.974165 -0.0206766 -0.0147978
   0.59018   0.153069   0.792627   0.191668
14
  0.773032   0.165109  -0.612503  0.0817078
 -0.225247    0.97406 -0.0217106  -0.014977
   0.59303   0.154748    0.79017   0.193411
14.0417
  0.770853   0.164395  -0.615435  0.0818311
 -0.225498   0.973989 -0.0222722 -0.0154274
  0.595765   0.155948   0.787873    0.19505
14.0833
  0.768786   0.163832  -0.618164  0.0819688
 -0.225537   0.973978 -0.0223577 -0.0158345
  0.598416   0.156607   0.785731    0.19681
14.125
   0.76671   0.162934  -0.620974  0.0820168
 -0.224957   0.974117  -0.022158 -0.0165176
  0.601291   0.156681   0.783518   0.198474
14.1667
  0.763985   0.161746  -0.624632   0.082403
 -0.224205   0.974295 -0.0219355  -0.017454
  0.605028   0.156804   0.780611   0.200386
14.2083
  0.760836   0.161523  -0.628521  0.0826972
  -0.22498   0.974115 -0.0220052 -0.0177315
  0.608698   0.158147   0.777481   0.202402
14.25
  0.757635   0.161231  -0.632451   0.083726
  -0.22387   0.974418 -0.0197733 -0.0206361
  0.613084   0.156568   0.774348   0.203757
14.2917
  0.755076   0.161401  -0.635461  0.0836539
 -0.224362   0.974318  -0.019127 -0.0209734
  0.616054   0.157016   0.771896   0.205492
14.3333
  0.752336   0.161384  -0.638706  0.0837453
 -0.224635   0.974269 -0.0184272 -0.0215348
  0.619297   0.157339    0.76923   0.207391
14.375
  0.749407    0.16165  -0.642074  0.0837528
 -0.225262   0.974138  -0.017667 -0.0220654
  0.622613   0.157875   0.766439   0.209164
14.4167
  0.746277   0.161885   -0.64565  0.0838624
 -0.225944   0.973993 -0.0169464 -0.0222329
  0.626115   0.158527   0.763445   0.211245
14.4583
  0.743236   0.162359   -0.64903  0.0838572
 -0.226806   0.973807 -0.0161218 -0.0223653
  0.629412   0.159186   0.760592   0.213433
14.5
  0.740282   0.163068   -0.65222  0.0838884
 -0.227718   0.973611 -0.0150421 -0.0228238
  0.632556   0.159658    0.75788   0.215668
14.5417
  0.737442   0.163799  -0.655248  0.0837384
 -0.228743   0.973385 -0.0141094 -0.0230501
  0.635497   0.160288   0.755282   0.217765
14.5833
  0.734345   0.164896  -0.658442   0.083833
 -0.229991   0.973109  -0.012804 -0.0231371
  0.638624   0.160838   0.752522    0.22006
14.625
  0.731194    0.16644  -0.661553  0.0838517
 -0.231785   0.972699 -0.0114633 -0.0228176
  0.641584    0.16172   0.749811   0.222647
14.6667
   0.727909    0.167921   -0.664794   0.0846788
  -0.231964    0.972689 -0.00829395   -0.025175
   0.645245    0.160245    0.746981    0.224249
14.7083
   0.725022    0.168926   -0.667688   0.0845348
  -0.232986    0.972455 -0.00695863  -0.0261471
   0.648121    0.160607    0.744409     0.22673
14.75
   0.721909    0.169294    -0.67096   0.0846792
  -0.233785    0.972268 -0.00621891  -0.0266421
     0.6513     0.16135    0.741468    0.229333
14.7917
   0.718451    0.170109   -0.674457   0.0847372
  -0.234983    0.971986 -0.00515913  -0.0269041
   0.654685    0.162192    0.738296    0.232061
14.8333
   0.715037    0.171281   -0.677779   0.0847096
  -0.236443    0.971638 -0.00389805  -0.0271275
   0.657888    0.163043    0.735255    0.234503
14.875
   0.711514    0.172538    -0.68116   0.0846743
  -0.237603     0.97136 -0.00214654  -0.0276119
   0.661281    0.163373    0.732132    0.237186
14.9167
  0.707781   0.174074  -0.684649  0.0846575
 -0.238956    0.97103  -0.000142 -0.0279495
   0.66479   0.163702   0.728873   0.239934
14.9583
  0.703864   0.175303  -0.688364  0.0846971
 -0.239895   0.970797 0.00193195  -0.028373
    0.6686   0.163775   0.725363   0.242808
15
  0.699784   0.176769  -0.692138  0.0848623
 -0.241179   0.970472 0.00401166 -0.0291387
   0.67241   0.164122   0.721754   0.245801
15.0417
  0.696195   0.177659  -0.695521  0.0848749
 -0.242809   0.970063 0.00474135 -0.0297194
  0.675541   0.165578    0.71849   0.248516
15.0833
  0.692246   0.177607  -0.699465  0.0858765
 -0.243149   0.969973 0.00565404 -0.0311116
  0.679466    0.16616   0.714645   0.251282
15.125
  0.689197   0.177962  -0.702379  0.0858631
 -0.244568   0.969615 0.00569299 -0.0316349
  0.682051   0.167856    0.71178   0.253783
15.1667
  0.686203    0.17818   -0.70525  0.0859871
 -0.245754   0.969315 0.00577886   -0.03239
  0.684639   0.169353   0.708935   0.256382
15.2083
  0.683285   0.178153  -0.708084  0.0859331
 -0.246681    0.96908 0.00577727  -0.033073
  0.687219   0.170723   0.706104   0.258961
15.25
  0.679953    0.17815  -0.711285  0.0862052
 -0.247729   0.968812 0.00583379 -0.0337129
  0.690141   0.172239   0.702879   0.261902
15.2917
  0.676639   0.178503   -0.71435  0.0863216
 -0.249231   0.968426 0.00591721 -0.0343329
  0.692851   0.174035   0.699763   0.264644
15.3333
   0.67325   0.178523   -0.71754  0.0864968
 -0.250237   0.968166 0.00608768 -0.0350754
  0.695784   0.175456   0.696491   0.267592
15.375
  0.669396   0.178269  -0.721199  0.0872257
  -0.25046   0.968103 0.00683011 -0.0363642
  0.699413    0.17606   0.692694   0.269632
15.4167
  0.665512   0.177603  -0.724949  0.0874184
 -0.250646   0.968053 0.00706424 -0.0370324
  0.703044   0.177004   0.688766   0.272406
15.4583
  0.661538   0.176786  -0.728776  0.0875094
 -0.250718   0.968033 0.00723835 -0.0375825
  0.706759   0.177928   0.684714   0.275252
15.5
  0.657235   0.176428  -0.732745  0.0876181
 -0.251309   0.967877 0.00763087 -0.0382855
  0.710553    0.17913   0.680461   0.278009
15.5417
  0.652908   0.176568   -0.73657  0.0877831
 -0.252578   0.967543 0.00804721 -0.0390054
  0.714084   0.180787   0.676313   0.280675
15.5833
  0.648874   0.176795  -0.740072   0.087724
 -0.254001   0.967168 0.00834531 -0.0396672
  0.717249   0.182564   0.672476   0.283327
15.625
  0.644751   0.176606  -0.743711  0.0879603
 -0.255005   0.966902 0.00853232 -0.0404119
  0.720603   0.184149   0.668447   0.286146
15.6667
  0.640414   0.176853  -0.747391  0.0881904
 -0.256582   0.966482 0.00883943 -0.0411697
  0.723903   0.186106   0.664326   0.289116
15.7083
  0.636426   0.177243  -0.750697  0.0879528
 -0.258344    0.96601 0.00906113  -0.041803
  0.726788   0.188171   0.660584    0.29162
15.75
  0.631695   0.177156  -0.754703   0.088827
 -0.258668   0.965912  0.0102262 -0.0435011
  0.730789   0.188758   0.655987   0.293611
15.7917
 0.627448  0.176927 -0.758291 0.0887661
-0.259402   0.96571 0.0106804 -0.044181
  0.73418  0.190001  0.651828  0.296191
15.8333
  0.622836   0.176745  -0.762126  0.0889491
 -0.260213   0.965486  0.0112519 -0.0449807
  0.737811   0.191307   0.647331   0.299161
15.875
  0.618093   0.176733  -0.765981   0.089137
 -0.261451   0.965146  0.0117131 -0.0457083
  0.741353   0.193026   0.642757   0.302277
15.9167
  0.613475   0.177388  -0.769534  0.0891181
 -0.263489   0.964584  0.0122958 -0.0463688
  0.744461   0.195221   0.638488   0.305108
15.9583
  0.608686   0.178151  -0.773152  0.0892331
 -0.265596   0.963996  0.0130274 -0.0470733
  0.747637   0.197416   0.634087   0.308215
16
 0.603083  0.179391 -0.777245 0.0904771
-0.266962  0.963586 0.0152575 -0.049307
  0.75168  0.198293  0.629013  0.310579
16.0417
 0.598075  0.180729 -0.780796 0.0906353
-0.268612  0.963095  0.017173 -0.050418
 0.755085  0.199461   0.62455  0.313423
16.0833
 0.593011  0.182248 -0.784298 0.0906254
-0.270817  0.962446 0.0188783 -0.050952
 0.758285  0.201206  0.620097  0.316436
16.125
  0.588021    0.18421   -0.78759  0.0905259
 -0.273468   0.961657  0.0207493 -0.0515503
  0.761214   0.203179    0.61585   0.319363
16.1667
  0.582997    0.18592  -0.790916  0.0905583
 -0.275908    0.96092  0.0225068 -0.0522481
  0.764192   0.205099    0.61151   0.322549
16.2083
  0.578378   0.186463  -0.794173  0.0899834
 -0.276756   0.960641  0.0239925 -0.0527218
  0.767388   0.205916   0.607218   0.325286
16.25
  0.572238   0.186679  -0.798558   0.090063
 -0.277373   0.960417  0.0257541 -0.0533245
  0.771756   0.206761   0.601367    0.32847
16.2917
  0.565629   0.188425  -0.802845  0.0902772
 -0.279082    0.95984  0.0286494 -0.0551387
  0.776001   0.207854     0.5955   0.330962
16.3333
  0.559672   0.189822  -0.806681  0.0900258
 -0.281216   0.959157  0.0305951 -0.0555646
  0.779541   0.209728   0.590194   0.334273
16.375
  0.554393   0.190777  -0.810094  0.0898245
 -0.283044   0.958572  0.0320405 -0.0560234
  0.782646   0.211529   0.585424   0.337055
16.4167
  0.549223   0.191712  -0.813388  0.0897235
 -0.284901   0.957974  0.0334164 -0.0564726
  0.785611   0.213382   0.580761   0.340071
16.4583
 0.544228  0.192736 -0.816498 0.0896171
-0.286872  0.957338 0.0347709 -0.057007
 0.788366  0.215307    0.5763  0.343042
16.5
  0.539377    0.19368  -0.819488  0.0894377
  -0.28887   0.956692  0.0359761 -0.0573545
  0.790966   0.217321   0.571966   0.346066
16.5417
   0.53475   0.194902  -0.822226   0.089196
 -0.291148   0.955953  0.0372473 -0.0577239
  0.793269   0.219472   0.567941   0.348801
16.5833
  0.530211   0.196239  -0.824844  0.0889859
 -0.292925    0.95534  0.0389932 -0.0589968
  0.795658   0.220943   0.564015   0.351558
16.625
  0.526239   0.195851  -0.827475  0.0889296
 -0.293909   0.955032  0.0391282 -0.0578936
  0.797928   0.222611   0.560138   0.354682
16.6667
  0.522367    0.19668  -0.829729   0.088841
 -0.294773   0.954699  0.0407247 -0.0588564
  0.800151   0.223308   0.556679   0.357228
16.7083
  0.518526   0.196975  -0.832065  0.0887952
 -0.295571   0.954408  0.0417431 -0.0593997
  0.802352   0.224289   0.553106   0.360232
16.75
   0.51495   0.197275  -0.834211  0.0886822
 -0.296634   0.954045  0.0425037 -0.0598596
   0.80426   0.225569   0.549804   0.363193
16.7917
  0.511677    0.19776  -0.836109  0.0885315
  -0.29817   0.953541  0.0430635 -0.0602932
   0.80578   0.227268   0.546871   0.366132
16.8333
  0.509182   0.198206  -0.837525  0.0880238
 -0.299715   0.953044  0.0433295 -0.0604712
  0.806787   0.228956   0.544678   0.368427
16.875
   0.50622   0.198553  -0.839237  0.0876947
 -0.300466   0.952769  0.0441753 -0.0611262
   0.80837     0.2298   0.541969   0.370975
16.9167
  0.502965   0.199013  -0.841082  0.0870857
 -0.300975    0.95255  0.0454053 -0.0616267
   0.81021   0.230308   0.538998   0.373195
16.9583
  0.499945   0.199823   -0.84269  0.0862395
 -0.302568   0.952006  0.0462394 -0.0610454
  0.811485   0.231854    0.53641   0.374356
17
  0.495957   0.200776  -0.844817  0.0855685
 -0.303102   0.951736  0.0482475 -0.0615819
   0.81373   0.232137   0.532875   0.376402
17.0417
  0.492032   0.201522  -0.846932  0.0848698
 -0.303616   0.951481  0.0500104 -0.0617008
  0.815918   0.232535   0.529345   0.378155
17.0833
 0.487561   0.20237 -0.849312 0.0844467
 -0.30425  0.951173 0.0519808 -0.062034
 0.818362   0.23306  0.525326  0.380596
17.125
  0.483098   0.203086  -0.851688  0.0839325
 -0.304603   0.950949  0.0539763 -0.0624494
  0.820873    0.23335   0.521262   0.382733
17.1667
    0.4786   0.203991  -0.854008  0.0831966
  -0.30502   0.950689   0.056147 -0.0628755
   0.82335   0.233617   0.517221   0.384705
17.2083
  0.474104   0.204886  -0.856299  0.0826959
 -0.305604   0.950379  0.0581934 -0.0630782
  0.825731   0.234098   0.513192   0.386716
17.25
  0.470474   0.205824  -0.858074  0.0818254
 -0.306265   0.950056  0.0599658 -0.0633118
   0.82756   0.234585   0.510014   0.388296
17.2917
  0.467238   0.205635  -0.859885   0.080682
 -0.306133   0.950042  0.0608507 -0.0633839
   0.82944   0.234807   0.506847   0.389711
17.3333
  0.462918    0.20635  -0.862048  0.0799089
 -0.306934   0.949676  0.0625025 -0.0639187
  0.831564   0.235658   0.502958    0.39167
17.375
  0.458761   0.206957  -0.864122  0.0791022
 -0.308051   0.949229  0.0637963 -0.0642356
  0.833452   0.236926   0.499223   0.393415
17.4167
  0.455073   0.207226  -0.866006  0.0781537
 -0.308696   0.948947  0.0648571 -0.0644919
  0.835233   0.237818    0.49581   0.394916
17.4583
  0.451208    0.20737  -0.867991  0.0772827
 -0.309003   0.948766   0.066038 -0.0649894
  0.837215   0.238415   0.492169   0.396746
17.5833
  0.440468   0.208411  -0.873243  0.0743908
 -0.312196   0.947533  0.0686677 -0.0660869
  0.841737   0.242377   0.482423   0.401669
17.625
  0.437439   0.208364  -0.874775  0.0735385
   -0.3133   0.947149  0.0689342 -0.0661074
  0.842906   0.243913     0.4796   0.403611
17.6667
  0.434957   0.208521  -0.875975  0.0726505
 -0.314594   0.946704  0.0691487 -0.0660182
  0.843708     0.2455   0.477375   0.405585
17.7083
  0.433081   0.208875  -0.876819  0.0715488
 -0.314955   0.946528  0.0699178 -0.0666124
  0.844538   0.245878   0.475709   0.407111
17.75
 0.432042  0.207868 -0.877571 0.0702785
-0.313998  0.946862 0.0696941 -0.066822
 0.845426  0.245445  0.474354  0.407603
17.7917
  0.429816   0.207534  -0.878743  0.0693308
 -0.314285   0.946754   0.069871 -0.0672077
  0.846454   0.246144   0.472154   0.409246
17.8333
  0.427847   0.207508  -0.879709  0.0680027
 -0.314788   0.946564   0.070181 -0.0675342
  0.847263   0.246895   0.470306   0.410887
17.875
  0.425339   0.207087  -0.881023  0.0668608
 -0.314825   0.946528  0.0704935 -0.0678575
  0.848511   0.247385   0.467792   0.412968
17.9167
  0.422376   0.206993  -0.882469  0.0655006
 -0.315103   0.946385  0.0711673 -0.0683143
  0.849887   0.248009   0.464955   0.414932
17.9583
  0.419438   0.206816  -0.883911  0.0642694
 -0.315541   0.946202  0.0716589 -0.0686273
  0.851179   0.248853   0.462132    0.41693
18
  0.417136   0.206623  -0.885045  0.0629491
 -0.316032    0.94602  0.0719066 -0.0688085
  0.852127   0.249708   0.459919    0.41876
18.0417
  0.415235   0.206341  -0.886004  0.0613766
  -0.31629   0.945922  0.0720621 -0.0690848
   0.85296   0.250312   0.458044   0.420262
18.0833
  0.412624    0.20591  -0.887323  0.0600555
 -0.317011   0.945682  0.0720357 -0.0692993
  0.853959   0.251568   0.455487   0.422483
18.125
  0.409758   0.206056  -0.888617  0.0586545
 -0.317814   0.945365  0.0726646 -0.0701863
   0.85504    0.25264   0.452858   0.424538
18.1667
  0.407028   0.206085  -0.889863   0.057087
 -0.318435   0.945112  0.0732263 -0.0707649
  0.856112   0.253558   0.450312   0.426274
18.2083
  0.404516   0.205755  -0.891085  0.0554612
 -0.319024   0.944903  0.0733579 -0.0707966
  0.857082   0.254603   0.447869   0.427885
18.25
  0.401434   0.204853  -0.892685  0.0549595
 -0.317712   0.945291   0.074052 -0.0724248
  0.859017   0.253889   0.444557    0.42976
18.2917
  0.398867   0.204237  -0.893976  0.0536245
 -0.318381   0.945081  0.0738599 -0.0727005
  0.859965   0.255165   0.441986    0.43272
18.3333
  0.397702   0.204021  -0.894544  0.0521128
 -0.319154    0.94484  0.0736008 -0.0731358
  0.860217   0.256226   0.440879   0.434665
18.375
  0.396612   0.203562  -0.895132  0.0507584
 -0.319531   0.944739   0.073266 -0.0734814
   0.86058   0.256965   0.439739   0.436769
18.4167
 0.395451  0.202962 -0.895782 0.0492108
-0.319383  0.944804 0.0730746 -0.073983
 0.861169  0.257201  0.438446  0.438704
18.4583
  0.393948   0.201902  -0.896683  0.0476255
 -0.318624    0.94508  0.0728156 -0.0743229
  0.862139   0.257019   0.436644   0.440403
18.5
  0.391255      0.201  -0.898064  0.0459635
 -0.318094   0.945246  0.0729778 -0.0749076
   0.86356   0.257116   0.433769   0.442637
18.5417
  0.388188    0.20042  -0.899523  0.0443871
 -0.318548   0.945084  0.0731017 -0.0750612
  0.864776   0.258165   0.430713   0.444666
18.5833
  0.384651   0.200096  -0.901113  0.0428533
  -0.31957   0.944718  0.0733661 -0.0755934
  0.865979   0.259748   0.427331   0.447154
18.625
  0.381268   0.199607  -0.902658  0.0412409
 -0.320936   0.944264   0.073249 -0.0759019
  0.866968   0.261768   0.424079   0.449398
18.6667
  0.377093   0.199615  -0.904409   0.039648
 -0.322913   0.943561  0.0736182 -0.0765059
   0.86806   0.264284   0.420268   0.451552
18.7083
  0.373313   0.198944  -0.906123  0.0383203
 -0.323637   0.943301  0.0737714 -0.0773806
  0.869423   0.265715   0.416532   0.452204
18.75
  0.368573   0.199074  -0.908033  0.0366769
 -0.325675   0.942546  0.0744479 -0.0778648
  0.870684   0.268284    0.41223   0.454505
18.7917
  0.364773   0.198887  -0.909607  0.0351898
 -0.327372    0.94194  0.0746732 -0.0782497
  0.871647   0.270541   0.408704   0.456938
18.8333
  0.362269   0.198293  -0.910737  0.0336576
  -0.32821   0.941665  0.0744733 -0.0787999
  0.872376   0.271933   0.406217   0.459081
18.875
  0.360275   0.197573  -0.911683  0.0320493
 -0.328597   0.941552  0.0741925 -0.0795599
  0.873055   0.272846    0.40414    0.46124
18.9167
   0.35796   0.196539  -0.912818  0.0304187
  -0.32918   0.941394  0.0736051 -0.0801495
  0.873788   0.274134   0.401678    0.46357
18.9583
   0.35521   0.195571  -0.914099  0.0288361
  -0.33021   0.941078  0.0730265 -0.0805549
  0.874521   0.275905    0.39886   0.465836
19
   0.35221   0.195045  -0.915372  0.0271824
 -0.331585   0.940609  0.0728374 -0.0811327
  0.875214    0.27787   0.395966   0.467798
19.0417
  0.348581   0.194432   -0.91689  0.0255771
 -0.332929   0.940138  0.0727894 -0.0817148
  0.876156   0.279886   0.392446   0.469992
19.0833
    0.3449    0.19489  -0.918184  0.0234475
 -0.333999   0.939665   0.073988 -0.0842446
  0.877205   0.281155   0.389183    0.47133
19.125
  0.340641   0.193956   -0.91997  0.0221008
 -0.335447   0.939164  0.0737951 -0.0851426
  0.878316   0.283464   0.384979   0.473508
19.1667
  0.336767   0.192911  -0.921614  0.0206552
 -0.336777   0.938717  0.0734296 -0.0857319
    0.8793    0.28565   0.381097   0.475755
19.2083
  0.333294   0.192015  -0.923063  0.0192138
 -0.338435   0.938157  0.0729552 -0.0861761
  0.879987   0.288081   0.377666    0.47801
19.25
  0.330401   0.191454  -0.924219  0.0177358
 -0.340507   0.937445  0.0724651 -0.0864884
  0.880279    0.29076   0.374924   0.480076
19.2917
  0.327787   0.191002  -0.925243  0.0161783
 -0.342257   0.936833  0.0721423 -0.0869288
  0.880577   0.293024   0.372453   0.481919
19.3333
   0.32505   0.190485  -0.926314  0.0146067
 -0.343572   0.936363    0.07199 -0.0873771
  0.881079   0.294855   0.369811   0.483663
19.375
  0.321862   0.190104  -0.927505  0.0129985
 -0.344574   0.935973  0.0722657 -0.0880419
  0.881858   0.296335   0.366759   0.485089
19.4167
  0.317811   0.189304  -0.929064  0.0114522
 -0.345426   0.935643  0.0724824 -0.0883707
  0.882993   0.297887   0.362748   0.486884
19.4583
  0.313346    0.18963  -0.930513  0.0100437
 -0.345507   0.935471  0.0742926 -0.0908974
  0.884556    0.29822   0.358644   0.487941
19.5
  0.309371    0.18931  -0.931907 0.00855154
 -0.346456   0.935068  0.0749374  -0.091552
  0.885584   0.299681    0.35487   0.490089
19.5417
  0.306361   0.188888  -0.932987 0.00712249
 -0.347503   0.934665  0.0751199 -0.0919675
   0.88622   0.301202   0.351984   0.492023
19.5833
  0.303794   0.188489  -0.933906 0.00574477
  -0.34812   0.934417  0.0753508 -0.0925094
  0.886861   0.302221   0.349487   0.493657
19.625
  0.301367   0.188085  -0.934774 0.00438212
 -0.348711   0.934181  0.0755425 -0.0928097
  0.887456     0.3032   0.347119   0.495023
19.6667
     0.299   0.187655   -0.93562 0.00301448
 -0.349317   0.933943  0.0756861 -0.0931244
  0.888018   0.304198     0.3448   0.496462
19.7083
  0.296604   0.187177  -0.936478 0.00165641
 -0.349227   0.933946  0.0760631 -0.0936882
  0.888857   0.304482   0.342379   0.497806
19.75
   0.294208    0.186328   -0.937403 0.000326772
  -0.348669    0.934139   0.0762482  -0.0939755
   0.889872     0.30441    0.339798    0.499322
19.7917
   0.291716    0.185583   -0.938329 -0.00101506
  -0.347933    0.934382   0.0766344  -0.0944355
    0.89098     0.30412    0.337145    0.500956
19.8333
   0.289442    0.184808   -0.939186 -0.00225772
  -0.347207     0.93463   0.0769082  -0.0948684
   0.892004    0.303831    0.334687     0.50237
19.875
   0.287311    0.183585   -0.940079 -0.00256816
  -0.345756    0.935164   0.0769533  -0.0957181
   0.893255    0.302929    0.332158    0.503406
20.0833
   0.276326    0.181954   -0.943683 -0.00889632
  -0.342092    0.936225    0.080346  -0.0976473
   0.898119    0.300624    0.320948    0.510127
20.125
  0.274157   0.182221  -0.944263 -0.0102042
