7.95833
  0.991545  0.0285921  -0.126576  0.0339394
-0.0325801   0.999032 -0.0295493 0.00962759
  0.125608  0.0334233   0.991517  0.0129517
8
  0.990983  0.0298993  -0.130606   0.034598
-0.0341729   0.998947 -0.0306032 0.00987859
  0.129554  0.0347905   0.990962  0.0131769
8.04167
  0.990476  0.0316966  -0.133986  0.0355294
-0.0361615   0.998864 -0.0310219 0.00980814
  0.132851  0.0355716   0.990498  0.0137759
8.08333
  0.989901  0.0333511  -0.137785  0.0362455
-0.0381054   0.998761 -0.0320124  0.0101365
  0.136546  0.0369395   0.989945  0.0140053
8.125
  0.989255  0.0345889  -0.142049  0.0370767
-0.0396554   0.998669 -0.0329913  0.0104595
  0.140719  0.0382698    0.98931  0.0142887
8.20833
  0.987802   0.036871  -0.151284  0.0383957
-0.0425897   0.998489 -0.0347356   0.010706
  0.149775   0.040755    0.98788  0.0147398
8.25
     0.987  0.0380843  -0.156146  0.0394281
-0.0441887   0.998381   -0.03581  0.0112245
  0.154529  0.0422443   0.987085   0.015041
8.29167
  0.986186   0.039573  -0.160843  0.0406976
-0.0460685   0.998258 -0.0368559   0.011808
  0.159104  0.0437566   0.986292  0.0154815
8.33333
  0.985431  0.0412833  -0.164989  0.0419963
-0.0481515   0.998123  -0.037846  0.0125002
  0.163117  0.0452391   0.985569  0.0158168
8.375
  0.984768  0.0427239  -0.168545  0.0431216
-0.0499186   0.998004 -0.0386817  0.0131709
  0.166556   0.046506   0.984935  0.0160457
8.41667
  0.984125  0.0438747  -0.171966   0.044118
-0.0513361   0.997912 -0.0391826  0.0136485
  0.169888  0.0473887   0.984323  0.0163629
8.45833
  0.983557  0.0451582  -0.174859   0.044944
-0.0527545   0.997844 -0.0390385  0.0134717
  0.172719  0.0476212   0.983819  0.0168064
8.5
  0.982914  0.0463536  -0.178135  0.0460726
 -0.054249   0.997738 -0.0397077  0.0140172
  0.175891  0.0486929   0.983205  0.0172451
8.54167
  0.982258  0.0472626  -0.181479  0.0473258
-0.0554752   0.997641  -0.040445  0.0146971
  0.179139   0.049795   0.982563  0.0176932
8.58333
  0.981578  0.0480194   -0.18493  0.0485058
-0.0565465   0.997553 -0.0411124  0.0152742
  0.182503  0.0508122   0.981891  0.0182689
8.625
  0.980962  0.0487602  -0.187977  0.0492763
-0.0574983    0.99749 -0.0413127  0.0153204
  0.185491  0.0513346   0.981304  0.0185204
8.66667
   0.98029  0.0493829  -0.191293  0.0503486
-0.0584011   0.997418 -0.0417923  0.0156485
  0.188735  0.0521403   0.980643  0.0189347
8.79167
  0.978256  0.0518984  -0.200803  0.0548415
-0.0619948   0.997092 -0.0443185  0.0177848
   0.19792  0.0558036   0.978629  0.0208484
8.83333
  0.977557  0.0525554   -0.20401  0.0564362
-0.0631414   0.996956 -0.0457274  0.0189017
  0.200986  0.0575827     0.9779  0.0217177
8.875
  0.976829  0.0534295  -0.207246  0.0580463
-0.0643445   0.996854 -0.0462839   0.018954
  0.204121  0.0585466   0.977193  0.0223682
8.91667
 0.976459 0.0540297 -0.208828 0.0587989
 -0.06506  0.996806 -0.046312  0.018338
 0.205659 0.0588081  0.976855 0.0229398
8.95833
  0.975759  0.0549398  -0.211838  0.0605711
-0.0665244   0.996632 -0.0479472  0.0190268
   0.20849  0.0608773   0.976128    0.02377
9
  0.975186  0.0561682  -0.214145  0.0614137
-0.0681773   0.996464 -0.0491066  0.0190099
  0.210629  0.0624879   0.975567  0.0241927
9.04167
  0.974652   0.057379  -0.216243  0.0618273
-0.0697255   0.996317 -0.0498997  0.0184619
  0.212584  0.0637125   0.975063  0.0242186
9.08333
   0.97394  0.0587151  -0.219072  0.0627272
-0.0716812   0.996086 -0.0517086  0.0191076
  0.215179  0.0660645   0.974337  0.0246803
9.125
  0.973082  0.0602265  -0.222452  0.0639315
-0.0737721   0.995861 -0.0530858  0.0196404
  0.218334  0.0680676   0.973497  0.0251561
9.16667
  0.972327  0.0619184  -0.225268  0.0645648
-0.0759043   0.995654 -0.0539562  0.0198886
  0.220948  0.0695619   0.972802  0.0253202
9.20833
  0.971551  0.0632417  -0.228231  0.0652193
-0.0775857   0.995499 -0.0544248  0.0199288
  0.223762   0.070584   0.972085  0.0253983
9.25
  0.970748  0.0645661  -0.231258  0.0658784
 -0.079287   0.995337 -0.0549283  0.0201534
  0.226633  0.0716573   0.971341  0.0255372
9.29167
  0.969917  0.0661332  -0.234281  0.0665835
 -0.081251   0.995149 -0.0554643  0.0204637
  0.229477  0.0728313   0.970585  0.0257565
9.33333
  0.969416  0.0671534  -0.236057   0.066665
-0.0823306   0.995085 -0.0550261   0.019884
  0.231201  0.0727779    0.97018  0.0258501
9.375
  0.968592   0.068229  -0.239111  0.0675333
-0.0838101   0.994929 -0.0556005  0.0202444
  0.234105  0.0738941   0.969399  0.0260808
9.41667
  0.967817  0.0694774  -0.241875  0.0681719
-0.0854429    0.99476 -0.0561441   0.020456
  0.236706  0.0750036   0.968682  0.0262759
9.5
  0.966216  0.0718977  -0.247502  0.0693929
-0.0886986   0.994403 -0.0574005   0.021179
  0.241989  0.0774143   0.967186  0.0265776
9.54167
   0.96555  0.0718951  -0.250087  0.0694794
-0.0889297   0.994378 -0.0574808  0.0210744
  0.244548  0.0777408   0.966516  0.0263725
9.58333
  0.964755  0.0716279  -0.253212  0.0701994
-0.0889525   0.994367 -0.0576311  0.0211551
  0.247658  0.0781238   0.965693  0.0266513
9.625
  0.964009  0.0711861  -0.256161  0.0707175
 -0.088863   0.994348 -0.0580924  0.0213645
  0.250578  0.0787649   0.964887  0.0268699
9.66667
  0.963271  0.0710264  -0.258966  0.0710554
-0.0889852   0.994326 -0.0582834  0.0213885
  0.253357  0.0791869   0.964126  0.0269851
9.70833
  0.962482  0.0707926  -0.261946  0.0716089
-0.0891364   0.994282 -0.0588075  0.0218318
  0.256285  0.0799501   0.963289  0.0272001
9.75
  0.961705  0.0700786  -0.264978  0.0723097
 -0.088806   0.994279 -0.0593542  0.0223494
  0.259302  0.0806128   0.962426   0.027564
9.79167
  0.961137  0.0690763  -0.267292   0.072219
-0.0879706   0.994353 -0.0593567  0.0221666
  0.261682  0.0805638   0.961786  0.0275098
9.83333
  0.960431  0.0685109  -0.269961  0.0726872
-0.0876184   0.994384 -0.0593612  0.0220157
  0.264378  0.0806659    0.96104  0.0278865
9.875
  0.959645  0.0682341   -0.27281   0.073442
-0.0876982   0.994351 -0.0597871  0.0222812
   0.26719  0.0812994   0.960208  0.0285836
9.91667
  0.959497  0.0681917  -0.273342  0.0720403
 -0.087283   0.994477 -0.0582887  0.0203962
  0.267857  0.0797859   0.960149  0.0280151
10.125
  0.956177  0.0710401  -0.284041  0.0746554
-0.0916607   0.993983 -0.0599602  0.0215252
  0.278073  0.0833679   0.956935  0.0311766
10.1667
  0.955711  0.0711702  -0.285572  0.0745868
-0.0918729   0.993977 -0.0597483  0.0211266
  0.279599  0.0833384   0.956493  0.0314422
10.2083
  0.955216  0.0711414  -0.287229  0.0743114
-0.0919224   0.993986 -0.0595074  0.0207364
  0.281268  0.0832452   0.956012  0.0317784
10.25
  0.954576  0.0711409  -0.289349  0.0742794
-0.0920357   0.993992  -0.059242  0.0204243
  0.283396  0.0831814   0.955389  0.0323726
10.2917
  0.953765  0.0707469   -0.29211  0.0747792
-0.0919013   0.993999 -0.0593265  0.0204841
   0.28616  0.0834288   0.954543  0.0332643
10.3333
  0.953077  0.0701847   -0.29448  0.0748479
-0.0914823   0.994048 -0.0591644  0.0200801
  0.288575   0.083328   0.953824  0.0340337
10.375
  0.952335  0.0698168  -0.296958  0.0747578
-0.0913008   0.994069 -0.0590865  0.0196786
  0.291071  0.0833826   0.953061  0.0348245
10.4167
  0.951388  0.0698352  -0.299973  0.0754194
-0.0916718    0.99402 -0.0593313  0.0198807
  0.294036  0.0839462   0.952101  0.0360725
10.4583
  0.950597  0.0693956  -0.302573    0.07573
-0.0915449   0.994014 -0.0596289  0.0200754
  0.296624   0.084382   0.951259  0.0371696
10.5
  0.949834  0.0690011  -0.305049  0.0758948
 -0.091307   0.994046 -0.0594532  0.0196267
   0.29913  0.0843237   0.950479  0.0379239
10.5417
  0.949007  0.0690832  -0.307591  0.0761531
-0.0917621   0.993979 -0.0598707  0.0197904
  0.301603   0.085043   0.949633  0.0389745
10.5833
  0.948037  0.0696814  -0.310437    0.07676
-0.0928381   0.993845 -0.0604353  0.0205103
  0.304315  0.0861152   0.948671  0.0401744
10.625
  0.947098  0.0702737  -0.313157  0.0775138
 -0.093811   0.993737 -0.0607192  0.0207364
  0.306929  0.0868846   0.947758   0.041381
10.6667
  0.945997  0.0714625  -0.316201  0.0788203
-0.0956054   0.993518 -0.0614897  0.0215361
  0.309758  0.0883996   0.946697  0.0429909
10.7083
   0.94513  0.0730267  -0.318429  0.0800647
-0.0977936   0.993244 -0.0624765  0.0224382
  0.311716  0.0901887   0.945886  0.0448155
10.75
  0.945309   0.074094  -0.317648  0.0782313
-0.0981688   0.993332  -0.060444  0.0196959
  0.311051  0.0883214    0.94628   0.044977
10.7917
  0.944668  0.0755866  -0.319202  0.0782189
-0.0998564   0.993171 -0.0603399  0.0191475
  0.312461  0.0888755   0.945764  0.0461497
10.8333
  0.943858  0.0770365  -0.321243  0.0783873
 -0.101707    0.99296 -0.0607108  0.0193171
  0.314305  0.0899751   0.945049  0.0475963
10.875
   0.94306   0.077666  -0.323429  0.0784806
 -0.102583   0.992871 -0.0606915  0.0190244
   0.31641   0.090414   0.944304  0.0489861
10.9167
  0.942145  0.0782458  -0.325944  0.0787605
 -0.103474   0.992774 -0.0607674   0.018813
  0.318834  0.0909784   0.943434  0.0506026
10.9583
  0.941248  0.0789395  -0.328361  0.0788911
  -0.10444   0.992675 -0.0607339  0.0184379
  0.321162  0.0914597   0.942598  0.0521696
11
  0.940351  0.0794165  -0.330805   0.078765
 -0.105241   0.992582 -0.0608688  0.0181909
  0.323517  0.0920522   0.941734  0.0535924
11.0417
  0.939325  0.0797848   -0.33362  0.0787996
 -0.105907   0.992514 -0.0608291  0.0178827
  0.326269  0.0924711   0.940743  0.0552573
11.0833
  0.938094  0.0805133  -0.336892  0.0796024
 -0.107124   0.992365 -0.0611282   0.017958
  0.329399  0.0934332   0.939557  0.0575452
11.125
  0.937197  0.0811743  -0.339222  0.0793772
 -0.108061   0.992264 -0.0611062  0.0173992
  0.331638  0.0939254   0.938719  0.0590939
11.1667
  0.936101  0.0818315   -0.34208  0.0792154
 -0.109082   0.992149 -0.0611617   0.017002
   0.33439  0.0945682   0.937678  0.0603648
11.2083
  0.934821  0.0824573  -0.345413  0.0783358
 -0.109792   0.992124 -0.0602993  0.0158423
   0.33772  0.0942927   0.936512  0.0616772
11.25
  0.933234   0.083095  -0.349529  0.0780308
 -0.110781   0.992036 -0.0599416  0.0153436
  0.341764  0.0946606   0.935006  0.0631227
11.2917
  0.931379  0.0842932  -0.354159  0.0782843
 -0.112682   0.991801 -0.0602757  0.0154273
  0.346175  0.0960467   0.933241  0.0647466
11.3333
  0.929894  0.0854143  -0.357773  0.0772235
 -0.113809   0.991747 -0.0590342  0.0136539
  0.349778  0.0956133   0.931941  0.0664523
11.375
  0.928197  0.0860765  -0.361995  0.0769101
 -0.115054   0.991592 -0.0592269  0.0133328
  0.353853  0.0966232   0.930297  0.0678434
11.4167
  0.926452   0.086283   -0.36639  0.0764078
 -0.115705   0.991525 -0.0590725  0.0125203
  0.358188   0.097121   0.928584  0.0692692
11.4583
 0.924449 0.0865251 -0.371359 0.0760852
 -0.11649  0.991439 -0.058985 0.0120136
 0.363076 0.0977881  0.926614   0.07088
11.5
  0.922069  0.0873274  -0.377045  0.0765936
 -0.118109   0.991231 -0.0592588  0.0120127
  0.368564  0.0991732   0.924297  0.0732467
11.5417
  0.919681  0.0892225  -0.382396  0.0774199
 -0.120997   0.990849 -0.0598143   0.012312
   0.37356   0.101279   0.922061  0.0756917
11.5833
  0.917594  0.0914985  -0.386846  0.0777617
 -0.124089   0.990451 -0.0600713  0.0123278
  0.377656   0.103124   0.920186  0.0777875
11.625
  0.915709  0.0935674  -0.390798  0.0775865
 -0.126735   0.990126 -0.0599001  0.0117908
  0.381334   0.104379   0.918526  0.0794988
11.6667
  0.913657  0.0954312  -0.395126  0.0774358
 -0.129175   0.989827 -0.0596302  0.0110977
  0.385415   0.105522    0.91669  0.0811717
11.7083
  0.912074  0.0974589  -0.398274  0.0757708
 -0.131432   0.989578 -0.0588361 0.00971155
  0.388389   0.106009   0.915377  0.0818734
11.75
  0.909914  0.0998028  -0.402612  0.0752839
 -0.134644    0.98913 -0.0591053 0.00975521
  0.392337    0.10799   0.913461   0.082823
11.7917
  0.907282    0.10189  -0.407993  0.0756087
 -0.137671   0.988705 -0.0592338 0.00978779
  0.397349    0.10991   0.911062   0.085002
11.8333
  0.904813   0.103902  -0.412939  0.0756387
  -0.14052   0.988305 -0.0592275  0.0094854
  0.401956   0.111616   0.908831  0.0868386
11.875
 0.902466  0.105392  -0.41767 0.0758646
 -0.14283  0.987968 -0.059318 0.0093459
 0.406393  0.113188   0.90666 0.0887759
11.9167
  0.900251   0.106452  -0.422156   0.075768
 -0.144531   0.987731 -0.0591448 0.00900103
   0.41068    0.11426   0.904592  0.0905165
11.9583
  0.897833   0.107626   -0.42698  0.0757627
 -0.146217   0.987519 -0.0585429 0.00822318
   0.41535   0.114994   0.902364  0.0922887
12
  0.895199   0.109209  -0.432078  0.0759098
 -0.148528   0.987194 -0.0582097 0.00778751
  0.420188   0.116285   0.899956  0.0942084
12.0417
   0.89246   0.110904  -0.437281  0.0759797
 -0.150938   0.986854  -0.057766 0.00720903
  0.425126   0.117556   0.897468  0.0959903
12.0833
  0.889443   0.112974  -0.442864  0.0765055
 -0.153945   0.986402 -0.0575519   0.006907
   0.43034   0.119366    0.89474  0.0982797
12.125
  0.886574   0.116101  -0.447781  0.0768201
  -0.15821    0.98572  -0.057667 0.00695334
  0.434691   0.121969   0.892282   0.100408
12.1667
  0.883914   0.118793   -0.45231  0.0772319
 -0.162028   0.985085 -0.0579189 0.00702875
  0.438683   0.124482   0.889978   0.102632
12.2083
  0.881518   0.121178  -0.456334  0.0771006
 -0.165185   0.984577  -0.057643 0.00652656
  0.442311   0.126193   0.887939   0.104314
12.25
  0.879815   0.123368  -0.459028  0.0750903
  -0.16784   0.984154 -0.0571971  0.0057988
  0.444698   0.127366   0.886579   0.104833
12.2917
  0.877048   0.125967  -0.463593  0.0749004
 -0.171125    0.98363 -0.0564719   0.005108
   0.44889   0.128861   0.884247   0.106565
12.3333
  0.874008   0.128301  -0.468667     0.0747
 -0.174197   0.983133 -0.0557172 0.00451209
  0.453614   0.130338   0.881616   0.108355
12.375
    0.8707   0.130323  -0.474233  0.0747092
  -0.17715   0.982634  -0.055214 0.00423562
  0.458801   0.132085   0.878666   0.110357
12.4167
    0.8672   0.132464  -0.480018   0.075302
 -0.180534   0.982021 -0.0551581 0.00446119
  0.464081   0.134493   0.875523   0.112851
12.4583
  0.864123   0.134745  -0.484908  0.0757092
 -0.184028   0.981367 -0.0552436 0.00469524
  0.468429   0.136974   0.872819   0.115406
12.5
  0.861942   0.136429  -0.488306  0.0752102
 -0.186367   0.980945    -0.0549 0.00403385
  0.471511   0.138325   0.870944   0.116915
12.5417
   0.85942   0.138274  -0.492217  0.0753976
  -0.18908   0.980436 -0.0547133 0.00370875
  0.475022    0.14009   0.868752   0.119094
12.5833
  0.856878    0.14012  -0.496111  0.0756107
 -0.191878   0.979896 -0.0546517 0.00350151
  0.478479   0.142023   0.866538   0.121406
12.625
  0.854369   0.141601  -0.500003   0.075644
 -0.194129    0.97947 -0.0543278  0.0030598
  0.482045   0.143481   0.864318   0.123539
12.6667
  0.851551   0.143189  -0.504339  0.0759394
 -0.196594   0.978998 -0.0539876 0.00268607
  0.486016   0.145123   0.861816   0.125898
12.7083
   0.84861   0.145345   -0.50866  0.0764153
 -0.199865   0.978341 -0.0538882 0.00284796
  0.489811   0.147393   0.859279   0.128492
12.75
  0.846016   0.147271  -0.512414  0.0765584
 -0.202661   0.977782 -0.0535811 0.00276732
  0.493138   0.149177   0.857065   0.130884
12.7917
  0.843491   0.148267  -0.516276  0.0769497
 -0.204543   0.977395 -0.0534899 0.00275044
  0.496674   0.150719    0.85475   0.133515
12.8333
  0.841058    0.14916  -0.519975  0.0774568
 -0.206369   0.977009 -0.0535359 0.00265634
  0.500034   0.152333   0.852502   0.136143
12.875
 0.839017  0.150633 -0.522839 0.0773428
-0.208699  0.976512 -0.053566 0.0025277
 0.502489  0.154058  0.850747  0.138342
12.9167
  0.837229   0.151704   -0.52539   0.076935
 -0.209907   0.976306 -0.0525906 0.00133228
  0.504963   0.154313   0.849235   0.139803
12.9583
   0.834918    0.153042   -0.528668   0.0769851
  -0.211985    0.975873  -0.0522829 0.000938173
   0.507912    0.155722    0.847217    0.141992
13
   0.832317    0.154497   -0.532333    0.077036
  -0.214248      0.9754  -0.0518945 0.000632766
    0.51122    0.157244    0.844943    0.144285
13.0417
   0.829559    0.156145   -0.536145   0.0769481
  -0.216666    0.974896  -0.0513152 0.000392157
   0.514673    0.158733    0.842565    0.146406
13.0833
   0.826705    0.157505    -0.54014   0.0768924
  -0.218842    0.974437  -0.0507996 0.000234845
   0.518331    0.160201    0.840041    0.148572
13.125
     0.8236    0.159289   -0.544343   0.0772793
  -0.221711    0.973804  -0.0504912 0.000315716
   0.522041    0.162271    0.837342     0.15123
13.1667
   0.820779    0.161609   -0.547909   0.0773675
  -0.225089    0.973045  -0.0501834 0.000186597
    0.52503    0.164518    0.835032    0.153541
13.2083
    0.81811    0.163721   -0.551263    0.077297
   -0.22817    0.972345  -0.0498404 0.000202898
   0.527858    0.166557    0.832841    0.155398
13.25
   0.815269    0.165648   -0.554885   0.0775722
   -0.23078    0.971773  -0.0489743 0.000371916
   0.531109    0.167984    0.830484    0.157791
13.2917
  0.812552   0.167036  -0.558443   0.077975
 -0.232847   0.971315 -0.0482697 0.00110396
  0.534361   0.169254   0.828137   0.160483
13.3333
   0.810377    0.168195   -0.561249    0.078181
   -0.23265    0.971529  -0.0447712 -0.00112357
   0.537739    0.166856    0.826435    0.161604
13.375
  0.808151   0.169247  -0.564134  0.0778378
 -0.233453   0.971417  -0.042996 -0.0012674
  0.540733   0.166446   0.824563   0.163662
13.4167
    0.805521     0.169433    -0.567828    0.0783106
   -0.233776     0.971392    -0.041783 -0.000772804
    0.544504     0.166402     0.822086     0.166133
13.4583
   0.803193    0.169291   -0.571158   0.0782429
  -0.233367    0.971557  -0.0402042 -0.00066451
   0.548106    0.165581    0.819855    0.168212
13.5
    0.800926     0.169092    -0.574392    0.0781995
   -0.232744     0.971777   -0.0384595 -0.000746846
    0.551678      0.16449     0.817677     0.170205
13.5417
    0.798903     0.168678    -0.577323     0.078167
   -0.231724     0.972091   -0.0366414 -0.000875337
     0.55503     0.163052     0.815694     0.172228
13.5833
     0.79685     0.167373    -0.580531    0.0790372
   -0.230238     0.972481   -0.0356539 -2.85949e-05
    0.558588     0.162071     0.813457     0.175132
13.625
    0.795406     0.167143    -0.582575    0.0788657
   -0.228858     0.972889   -0.0333396 -0.000625706
    0.561208     0.159845     0.812093     0.176921
13.6667
    0.793444     0.167182    -0.585232    0.0792989
   -0.228551     0.973009   -0.0319068 -0.000795516
    0.564102     0.159072     0.810238     0.179417
13.7083
   0.791683    0.167754   -0.587449   0.0791262
  -0.228686    0.973028   -0.030331 -0.00146987
   0.566516    0.158354    0.808692    0.181163
13.75
   0.789728    0.167979    -0.59001   0.0788601
  -0.228562    0.973101  -0.0288833 -0.00245133
   0.569288    0.157664    0.806879    0.182741
13.7917
   0.787426    0.167413    -0.59324   0.0788631
  -0.227732    0.973333  -0.0276002 -0.00393175
   0.572799    0.156833    0.804553    0.183894
13.8333
   0.783756    0.166331   -0.598382   0.0805395
   -0.22816    0.973212  -0.0283207 -0.00294596
   0.577641    0.158723     0.80071    0.187526
13.875
  0.780844   0.165235  -0.602478  0.0807687
 -0.227621   0.973345 -0.0280602 -0.0033194
  0.581783   0.159047   0.797642   0.189593
13.9167
   0.777975    0.164305   -0.606431   0.0810127
  -0.227483    0.973376  -0.0281086 -0.00392856
   0.585667    0.159821    0.794639     0.19151
13.9583
  0.775438   0.163504  -0.609887  0.0811127
 -0.228035    0.97322 -0.0290244 -0.0040429
  0.588809   0.161582   0.791957   0.193335
14
   0.773016     0.16241   -0.613245   0.0814395
  -0.228199    0.973154  -0.0299254 -0.00440576
   0.591922    0.163075    0.789326     0.19531
14.0417
   0.770594    0.161362   -0.616561   0.0820132
  -0.228417    0.973076  -0.0308156 -0.00447254
   0.594988    0.164579    0.786704    0.197366
14.0833
   0.768837    0.160886   -0.618875   0.0816502
  -0.228695    0.972999  -0.0311648 -0.00461341
   0.597151    0.165494    0.784871    0.198702
14.125
   0.766564    0.159885   -0.621945   0.0820947
  -0.228076    0.973152  -0.0309396 -0.00520895
     0.6003    0.165568    0.782449    0.200585
14.1667
   0.763705    0.158568   -0.625788   0.0826521
   -0.22645    0.973571  -0.0296647 -0.00766741
   0.604545    0.164365    0.779429    0.202427
14.2083
   0.760962    0.158382   -0.629168   0.0823014
  -0.227065     0.97343  -0.0295861 -0.00825035
   0.607765    0.165376    0.776706    0.203787
14.25
  0.757794   0.158442  -0.632965  0.0829519
 -0.228314   0.973133 -0.0297478 -0.0079451
  0.611246   0.167057   0.773609   0.205971
14.2917
   0.755283    0.158406   -0.635968    0.082867
   -0.22875    0.973044  -0.0293022 -0.00809517
   0.614183    0.167609    0.771159    0.207646
14.3333
   0.752545    0.158494   -0.639183   0.0828835
  -0.229176    0.972966  -0.0285618 -0.00863383
   0.617377     0.16798    0.768524    0.209629
14.375
    0.74963     0.15867   -0.642556   0.0828771
   -0.22986    0.972823  -0.0279387 -0.00899131
    0.62066    0.168642    0.765729    0.211384
14.4167
   0.746764    0.159012   -0.645801   0.0826071
  -0.230589    0.972673  -0.0271438 -0.00924771
   0.623836    0.169185    0.763023    0.213028
14.4583
   0.743601    0.159242   -0.649383    0.082828
  -0.231576     0.97245  -0.0267098 -0.00893087
    0.62724    0.170243    0.759992    0.215498
14.5
   0.740868    0.159982   -0.652319   0.0825318
  -0.232539    0.972248  -0.0256609 -0.00942629
   0.630111    0.170701     0.75751    0.217412
14.5417
   0.737541    0.160329   -0.655994   0.0831354
  -0.233685    0.971986  -0.0251748 -0.00905494
   0.633581    0.171863    0.754347    0.220319
14.5833
  0.734406    0.16186  -0.659128  0.0833455
 -0.233627   0.972086  -0.021597 -0.0119958
  0.637233   0.169851   0.751721    0.22143
14.625
  0.731254   0.163517  -0.662216  0.0834355
 -0.235424   0.971686 -0.0200352 -0.0119251
   0.64019   0.170552   0.749045   0.223901
14.6667
  0.728333   0.164842    -0.6651  0.0834143
 -0.236904   0.971353 -0.0186818 -0.0120049
  0.642968   0.171171    0.74652   0.226465
14.7083
   0.72538    0.16548  -0.668162   0.083417
 -0.237992   0.971103 -0.0178652 -0.0124496
  0.645897   0.171976   0.743801   0.229251
14.75
  0.722361   0.165993  -0.671297  0.0833731
 -0.239035    0.97086 -0.0171515 -0.0128602
  0.648889   0.172853    0.74099   0.231757
14.7917
  0.718998   0.166851  -0.674687   0.083312
 -0.240356   0.970551 -0.0161231 -0.0130842
  0.652128   0.173757   0.737928   0.234336
14.8333
  0.715518    0.16788  -0.678122  0.0833454
 -0.241896   0.970185 -0.0150501 -0.0131094
  0.655378   0.174804   0.734795   0.236973
14.875
  0.712016   0.168999  -0.681522  0.0833337
 -0.243263   0.969864 -0.0136474 -0.0132712
  0.658678   0.175506    0.73167   0.239633
15
   0.700387    0.172982   -0.692485   0.0834131
  -0.247113    0.968955 -0.00788915  -0.0142605
   0.669621    0.176647     0.72139    0.248279
15.0417
   0.696816    0.173825   -0.695868   0.0834272
  -0.248734    0.968546 -0.00713406   -0.014871
    0.67274    0.178057    0.718134    0.250981
15.0833
   0.693543     0.17393   -0.699104   0.0835163
  -0.250059    0.968204 -0.00719039   -0.015115
   0.675624    0.179804    0.714984    0.253638
15.125
  0.690051    0.17383  -0.702575  0.0838691
 -0.250359   0.968132 -0.0063633 -0.0166404
   0.67908   0.180287   0.711581   0.256645
15.1667
   0.687129    0.173975   -0.705398   0.0838856
   -0.25175     0.96777 -0.00654449  -0.0170791
   0.681525    0.182081    0.708781    0.259233
15.2083
  0.684141   0.173781  -0.708344  0.0839555
  -0.25269   0.967524 -0.0066899 -0.0175686
  0.684178   0.183569   0.705835   0.261967
15.25
   0.680949    0.173853   -0.711396   0.0840695
  -0.253845    0.967222 -0.00660778  -0.0182497
   0.686929    0.185084     0.70276    0.264694
15.2917
   0.677517    0.173929   -0.714647   0.0842954
  -0.255429    0.966803 -0.00686056  -0.0184809
    0.68973     0.18719    0.699452     0.26779
15.3333
   0.674264     0.17408    -0.71768   0.0843096
  -0.256666    0.966477 -0.00671044  -0.0192027
   0.692453    0.188728    0.696341    0.270519
15.375
   0.671707    0.174042   -0.720083    0.083432
   -0.25762    0.966223 -0.00677997  -0.0195565
    0.69458    0.190062    0.693855    0.271788
15.4167
   0.667871    0.173326   -0.723814   0.0835613
  -0.257837    0.966166 -0.00654789  -0.0201821
   0.698189    0.190999    0.689964    0.274589
15.4583
   0.664017    0.172446    -0.72756   0.0835713
  -0.257996    0.966124 -0.00647319  -0.0206591
   0.701797    0.192006    0.686013    0.277268
15.5
   0.659711    0.171917   -0.731592   0.0837373
  -0.258585    0.965969 -0.00618468  -0.0212399
   0.705631    0.193259    0.681715    0.280118
15.5417
   0.655408    0.171934   -0.735445   0.0838774
  -0.260061    0.965573 -0.00602547  -0.0216124
    0.70909     0.19521    0.677558    0.282876
15.5833
   0.651342    0.171956   -0.739043   0.0840019
  -0.261568    0.965167 -0.00595837  -0.0220549
   0.712275    0.197191    0.673632    0.285526
15.625
   0.646634    0.171454   -0.743282   0.0851921
  -0.261205    0.965273 -0.00457974  -0.0243322
   0.716685     0.19711    0.668962    0.287373
15.6667
   0.642475    0.171495   -0.746871   0.0852968
  -0.262925    0.964805 -0.00463684  -0.0247365
   0.719789     0.19935    0.664953    0.290191
15.7083
   0.638249    0.171572   -0.750467   0.0853785
  -0.264565    0.964357 -0.00453184  -0.0252684
   0.722941     0.20144    0.660892    0.293037
15.75
   0.634107    0.171405   -0.754009   0.0853037
  -0.265819    0.964013 -0.00440419  -0.0257035
   0.726119    0.203223     0.65685    0.295645
15.7917
   0.629802    0.171158   -0.757664   0.0852519
  -0.266557    0.963811 -0.00384693  -0.0264637
   0.729587    0.204384    0.652633    0.298379
15.8333
   0.625333    0.170916   -0.761411   0.0853084
  -0.267602    0.963523 -0.00349263  -0.0269962
    0.73304    0.205939     0.64826    0.301236
15.875
   0.620702    0.170925   -0.765189   0.0853912
  -0.269019     0.96313 -0.00308158  -0.0276272
   0.736449    0.207763    0.643799    0.304235
15.9167
   0.616089    0.171402   -0.768801   0.0854273
  -0.271213    0.962516 -0.00274908  -0.0280216
   0.739512    0.210202    0.639482    0.307103
15.9583
    0.610658     0.172459    -0.772887    0.0865494
    -0.27272     0.962093 -0.000798233   -0.0303098
    0.743452     0.211269     0.634543      0.30948
16
     0.60588     0.173209    -0.776472    0.0865729
   -0.275057     0.961428 -0.000158727   -0.0305549
    0.746494      0.21367     0.630152     0.312521
16.0417
  0.601206   0.174291  -0.779855  0.0863845
 -0.277142   0.960828 0.00108257 -0.0308705
  0.749495    0.21548   0.625959    0.31529
16.0833
  0.596085   0.175633  -0.783476  0.0864373
 -0.279449   0.960157 0.00262927 -0.0312608
  0.752722   0.217374   0.621416   0.318471
16.125
  0.591048   0.177169   -0.78694  0.0864488
 -0.282332   0.959309 0.00392364 -0.0312569
  0.755613   0.219859   0.617018   0.321646
16.1667
  0.586301   0.178702  -0.790138  0.0863069
 -0.285029   0.958504 0.00528268 -0.0315319
  0.758294   0.222115   0.612907   0.324566
16.2083
  0.581252   0.179701  -0.793633  0.0860192
 -0.286534   0.958044 0.00707217   -0.03213
  0.761606   0.223292   0.608355   0.327395
16.25
  0.575697   0.180334  -0.797529  0.0854721
 -0.287386   0.957771 0.00911716 -0.0329438
  0.765495    0.22395   0.603211   0.329788
16.2917
  0.569222   0.181052  -0.802001  0.0855748
 -0.289325   0.957171   0.010733 -0.0332213
  0.769595   0.225929   0.597226   0.333179
16.3333
  0.563087    0.18202  -0.806103  0.0857759
 -0.291824   0.956395  0.0121079 -0.0332616
  0.773157   0.228423   0.591652    0.33663
16.375
  0.557636   0.182736  -0.809722  0.0857786
 -0.293933   0.955734  0.0132621 -0.0333829
  0.776302   0.230609   0.586664   0.339739
16.4167
  0.552327   0.183417  -0.813199  0.0858835
 -0.295993   0.955082  0.0143797 -0.0335343
  0.779309   0.232759   0.581808   0.343002
16.4583
  0.547146   0.184586  -0.816431  0.0857814
 -0.298209   0.954368  0.0159223 -0.0340608
  0.782115   0.234755   0.577223   0.346425
16.5
 0.542312   0.18554 -0.819434 0.0856102
-0.300382  0.953665 0.0171366 -0.034383
 0.784645   0.23685  0.572917  0.349446
16.5417
  0.537507   0.186576   -0.82236  0.0855982
 -0.302801   0.952879  0.0182729 -0.0345823
  0.787018    0.23919   0.568674   0.352437
16.5833
  0.533271   0.187294   -0.82495  0.0853563
 -0.304715    0.95225   0.019219 -0.0346513
  0.789158   0.241126   0.564878   0.355084
16.625
  0.529167   0.187661  -0.827506  0.0852291
 -0.305714   0.951905  0.0203774 -0.0349459
  0.791531   0.242197   0.561087   0.358036
16.6667
  0.525506   0.187788  -0.829807  0.0848812
 -0.306452   0.951648   0.021289 -0.0352932
  0.793682   0.243109   0.557644   0.360721
16.7083
  0.521782   0.187875  -0.832134  0.0848148
 -0.307614    0.95126   0.021885 -0.0353331
  0.795687   0.244556   0.554143   0.363689
16.75
  0.518309   0.188109  -0.834249  0.0846092
 -0.308683   0.950896  0.0226301 -0.0358022
   0.79754   0.245789   0.550924   0.366581
16.7917
  0.514798   0.188148  -0.836411  0.0848958
 -0.310767    0.95022  0.0224766 -0.0353915
  0.799004   0.248358   0.547642   0.369783
16.8333
  0.511942   0.188549  -0.838072   0.084724
 -0.312504   0.949644  0.0227549 -0.0355315
   0.80016   0.250252   0.545085   0.372553
16.875
  0.509229   0.188973  -0.839628  0.0842461
  -0.31356   0.949278  0.0234802 -0.0359655
  0.801478   0.251317   0.542654    0.37478
16.9167
  0.505876   0.189433  -0.841549  0.0837515
 -0.314414   0.948967   0.024611 -0.0362594
  0.803264   0.252144    0.53962   0.377138
16.9583
   0.50219   0.190269  -0.843566  0.0830669
 -0.315302   0.948628  0.0262607 -0.0365938
  0.805227    0.25279   0.536384   0.379267
17
  0.498129   0.190928  -0.845822  0.0824587
 -0.316051   0.948331  0.0279354 -0.0366895
  0.807452   0.253408   0.532734   0.381651
17.0417
  0.493911   0.191541  -0.848153  0.0819185
 -0.316579   0.948099  0.0297564 -0.0369141
  0.809833    0.25381   0.528915   0.383864
17.0833
  0.489727    0.19257  -0.850344  0.0813329
 -0.317352   0.947772  0.0318663 -0.0373798
  0.812069   0.254252   0.525262   0.385754
17.125
  0.486109   0.193527    -0.8522  0.0801295
 -0.317823   0.947544  0.0338868 -0.0379631
  0.814055   0.254376   0.522118   0.386747
17.1667
  0.48052  0.192569 -0.855581 0.0801728
-0.317727  0.947543 0.0348221  -0.03712
 0.817405  0.255108  0.516497  0.391609
17.2083
  0.475971   0.193348  -0.857944  0.0797039
 -0.318436    0.94723  0.0368078 -0.0372765
  0.819787   0.255681   0.512423   0.393689
17.25
  0.471998    0.19414  -0.859958  0.0790871
 -0.319211   0.946899   0.038564 -0.0374599
   0.82178   0.256306   0.508906   0.395696
17.2917
  0.468201   0.194741  -0.861896  0.0782877
 -0.319616   0.946691  0.0402776 -0.0379354
  0.823792   0.256618   0.505484    0.39748
17.3333
 0.463968  0.195449 -0.864022 0.0774899
-0.320422  0.946343 0.0420087 -0.038565
 0.825872  0.257361  0.501699  0.399293
17.375
  0.459821   0.195962   -0.86612  0.0766598
 -0.321576   0.945894  0.0432872 -0.0388427
   0.82774   0.258619   0.497958   0.401069
17.4167
   0.45609   0.196206  -0.868035  0.0757588
 -0.322385    0.94557  0.0443408 -0.0390306
  0.829488   0.259618   0.494519   0.402651
17.4583
    0.4523   0.196272  -0.870001   0.074858
 -0.322854   0.945358  0.0454253 -0.0394057
  0.831378   0.260338   0.490953   0.404395
17.5
  0.449428   0.195431  -0.871677   0.074213
 -0.321666   0.945726  0.0461845 -0.0402234
  0.833394   0.259633     0.4879   0.404064
17.5417
   0.44579   0.195738  -0.873474  0.0732696
 -0.323019   0.945227  0.0469601 -0.0404298
  0.834823   0.261214     0.4846   0.405811
17.5833
  0.442492    0.19579  -0.875138  0.0722885
    -0.324    0.94486  0.0475661 -0.0406638
  0.836196   0.262498   0.481529   0.407514
17.625
  0.439663   0.195811  -0.876558  0.0713024
 -0.325132   0.944455  0.0478988 -0.0407447
  0.837249   0.263938   0.478906   0.409201
17.6667
  0.437137   0.195868  -0.877808  0.0704231
 -0.326427   0.943999  0.0480809 -0.0406813
  0.838067   0.265522   0.476593   0.411258
17.7083
  0.435415   0.196018   -0.87863  0.0692688
 -0.326888   0.943814  0.0485678 -0.0409796
  0.838784   0.266066   0.475027    0.41266
17.75
  0.433521   0.195863  -0.879601  0.0679736
 -0.326961   0.943767  0.0490041 -0.0414168
  0.839736   0.266351   0.473182   0.414164
17.7917
  0.431434   0.195509  -0.880705  0.0668235
 -0.327546   0.943564  0.0490076 -0.0412999
  0.840582   0.267327   0.471124   0.415847
17.8333
  0.429252   0.195322  -0.881812  0.0656369
 -0.327853   0.943437  0.0493783 -0.0418159
  0.841579   0.267909   0.469009   0.417764
17.875
 0.426823  0.195161 -0.883026 0.0642661
-0.327789  0.943423 0.0500682 -0.042658
 0.842838  0.268076  0.466646  0.419661
17.9167
  0.424314   0.194912  -0.884289   0.062682
 -0.328095   0.943295  0.0504854 -0.0427547
  0.843985   0.268709   0.464203   0.421202
17.9583
  0.421052   0.194987  -0.885831  0.0616826
  -0.32883   0.942996  0.0512709 -0.0433895
  0.845332     0.2697   0.461168   0.423403
18
  0.419383   0.194385  -0.886754  0.0600338
 -0.329296   0.942852   0.050944 -0.0429208
   0.84598   0.270639   0.459426    0.42467
18.0417
  0.416981   0.193942  -0.887983    0.05886
 -0.329804    0.94267  0.0510159 -0.0429721
  0.846969   0.271587   0.457038   0.426802
18.0833
 0.414412  0.192976 -0.889395 0.0579134
-0.328499  0.943096 0.0515643 -0.044995
 0.848735  0.270796  0.454223  0.428566
18.125
  0.411887   0.192714  -0.890624  0.0563491
 -0.329443   0.942762  0.0516388 -0.0452433
  0.849598    0.27214     0.4518   0.430399
18.1667
  0.409171   0.192507  -0.891919  0.0548386
 -0.330169   0.942491  0.0519564 -0.0455522
  0.850628   0.273225     0.4492   0.432198
18.2083
  0.406366   0.192349  -0.893235  0.0533377
 -0.330929   0.942203  0.0523414 -0.0458582
  0.851676   0.274328   0.446533   0.434101
18.25
  0.403589   0.192019  -0.894564  0.0519181
 -0.331685   0.941926  0.0525435 -0.0461312
  0.852702   0.275507   0.443841    0.43644
18.2917
  0.401497   0.191811  -0.895549  0.0504749
 -0.332733   0.941559  0.0524932 -0.0462977
  0.853281   0.276903   0.441855   0.438699
18.3333
   0.40035   0.191459  -0.896138  0.0490273
 -0.333561   0.941289  0.0520873 -0.0465822
  0.853497   0.278063   0.440709   0.440667
18.375
  0.399413   0.191101  -0.896632  0.0475228
 -0.334079   0.941122  0.0517647 -0.0469435
  0.853733   0.278871    0.43974   0.442603
18.4167
  0.398469   0.190246  -0.897234   0.045966
 -0.333915   0.941208  0.0512752 -0.0471582
  0.854238   0.279168   0.438568   0.444347
18.4583
  0.397012   0.189355  -0.898068  0.0442695
 -0.333091     0.9415   0.051262 -0.0478279
  0.855238   0.278787   0.436859   0.445948
18.5
  0.394106   0.188468  -0.899534  0.0426745
 -0.332591    0.94166  0.0515785 -0.0486312
  0.856775   0.278849   0.433796   0.448414
18.5417
  0.391016   0.187915  -0.900996  0.0411072
 -0.333208   0.941432  0.0517422 -0.0487838
   0.85795   0.279988    0.43073   0.450486
18.5833
 0.387831  0.186682 -0.902628 0.0401854
-0.331623   0.94196 0.0523288 -0.050785
 0.860008  0.279037  0.427229  0.451935
18.625
  0.384378   0.186358   -0.90417  0.0385817
 -0.333029   0.941456  0.0524669 -0.0514468
  0.861014   0.280948   0.423938   0.454193
18.6667
  0.380571   0.186403   -0.90577  0.0368791
  -0.33509   0.940705  0.0527998 -0.0520222
  0.861905   0.283421   0.420467   0.455894
18.7083
  0.375897   0.186539  -0.907692  0.0351324
 -0.337485   0.939816  0.0533795 -0.0523932
  0.863021   0.286268   0.416229   0.458003
18.75
  0.371249   0.186486  -0.909614  0.0335547
 -0.339777   0.938964  0.0538272 -0.0525741
  0.864133   0.289083   0.411954   0.460283
18.7917
  0.367178   0.186171  -0.911329  0.0321566
 -0.341741   0.938243  0.0539809 -0.0527988
  0.865098   0.291618   0.408124   0.463168
18.8333
   0.36461   0.185641  -0.912467  0.0305985
 -0.342812   0.937861  0.0538239 -0.0533052
  0.865759    0.29318   0.405594   0.465388
18.875
  0.362786   0.184615  -0.913402  0.0289934
 -0.343273   0.937728  0.0531906 -0.0536884
  0.866343   0.294249   0.403568   0.467474
18.9167
  0.360384   0.183733   -0.91453  0.0273784
 -0.343857   0.937533  0.0528528 -0.0545945
  0.867113   0.295421    0.40105   0.469841
18.9583
  0.357561   0.182813  -0.915822  0.0266729
 -0.342549   0.937976  0.0534955 -0.0572136
  0.868798   0.294586   0.398006   0.470933
19
  0.354677   0.182265  -0.917052  0.0252162
 -0.343585   0.937599  0.0534643 -0.0582598
  0.869571   0.296122   0.395168   0.472596
19.0417
  0.351193   0.181669  -0.918509  0.0234913
 -0.345047   0.937064  0.0534095 -0.0588274
  0.870405   0.298172   0.391775   0.474641
19.0833
  0.347234   0.180819  -0.920181  0.0218412
 -0.346721    0.93646  0.0531809 -0.0593462
  0.871328   0.300579   0.387864   0.476585
19.125
 0.342922   0.17964 -0.922027 0.0203237
-0.348279  0.935902 0.0528108 -0.059944
 0.872414  0.303013  0.383507  0.479038
19.1667
  0.339293   0.178495  -0.923591   0.018887
 -0.349746   0.935384  0.0522906 -0.0603455
  0.873246    0.30528   0.379797   0.480995
19.2083
  0.335646   0.177592  -0.925096  0.0174964
 -0.351495   0.934749  0.0519145 -0.0608704
  0.873953   0.307742   0.376167   0.483517
19.25
  0.332884   0.177155  -0.926177  0.0160157
 -0.353706   0.933937  0.0515116 -0.0612554
  0.874117   0.310447   0.373554   0.485414
19.2917
 0.330492  0.176984 -0.927066 0.0140773
-0.354924  0.933466 0.0516776 -0.062738
 0.874531  0.311959  0.371318  0.487194
19.3333
  0.327909   0.176748  -0.928028  0.0126138
 -0.356357   0.932915  0.0517643 -0.0635241
   0.87492   0.313735   0.368897   0.488517
19.375
   0.32458   0.176024  -0.929335  0.0110553
 -0.357431   0.932502  0.0517874 -0.0639328
  0.875723   0.315364   0.365588   0.490311
19.4167
  0.320603   0.175426  -0.930827 0.00945376
 -0.358384   0.932112  0.0522307  -0.064509
  0.876798   0.316849   0.361708    0.49192
19.4583
  0.316184   0.174848  -0.932446 0.00800036
 -0.359169    0.93177  0.0529303 -0.0650754
   0.87808    0.31817   0.357411   0.493633
19.5
  0.312154   0.174042  -0.933954 0.00665666
 -0.360157   0.931374  0.0531867 -0.0653269
  0.879117   0.319767   0.353415   0.496008
19.5417
  0.309266   0.173687   -0.93498 0.00526035
 -0.361339   0.930904  0.0534092 -0.0657609
  0.879653   0.321327   0.350657   0.497777
19.5833
  0.306828   0.173254  -0.935863 0.00390711
 -0.362029   0.930625  0.0535911 -0.0662527
  0.880222   0.322366   0.348265   0.499224
19.625
  0.304413   0.172612   -0.93677  0.0025963
 -0.362589   0.930406  0.0536127 -0.0663919
   0.88083   0.323342   0.345815    0.50067
19.6667
  0.302032   0.172222  -0.937612 0.00127187
 -0.363281   0.930124  0.0538238 -0.0667719
  0.881365    0.32436   0.343492   0.502127
19.7083
   0.300093    0.173435   -0.938011 0.000218268
  -0.362887    0.930156   0.0558866  -0.0695285
   0.882189     0.32362    0.342071    0.501783
19.75
   0.297615    0.172742   -0.938928 -0.00105131
   -0.36233    0.930347   0.0563144  -0.0700802
   0.883256    0.323442    0.339475    0.503245
19.7917
   0.295122    0.171924   -0.939864 -0.00231983
  -0.361659    0.930587   0.0566643    -0.07053
   0.884367    0.323188    0.336815    0.504861
19.8333
   0.292683    0.171233   -0.940753 -0.00363365
  -0.360965    0.930828   0.0571246  -0.0711788
   0.885461    0.322859    0.334246    0.506473
19.875
   0.290562    0.170124   -0.941611 -0.00487809
  -0.360119    0.931157   0.0571099  -0.0712517
   0.886503    0.322498    0.331824    0.507905
19.9167
   0.288199    0.169215   -0.942501 -0.00611387
  -0.358946    0.931586   0.0574961  -0.0717672
   0.887749    0.321737    0.329221    0.509451
19.9583
   0.286044    0.168308   -0.943319 -0.00732934
  -0.357811    0.932004   0.0577895  -0.0719023
   0.888904    0.320999    0.326816    0.510795
20
   0.284113    0.168106   -0.943939 -0.00862066
   -0.35685     0.93232   0.0586293  -0.0722353
   0.889909    0.320187    0.324873    0.511853
20.0417
   0.281618    0.168262   -0.944658 -0.00998686
  -0.356519    0.932373   0.0597901  -0.0729391
   0.890834    0.319951    0.322562    0.513476
20.0833
  0.279255    0.16822  -0.945367 -0.0111666
 -0.356631   0.932282  0.0605449 -0.0732475
