4.06
  0.987734  0.0440059  -0.149815  0.0341694
-0.0490373   0.998345 -0.0300557 0.00442576
  0.148245  0.0370336   0.988257 0.00728371
4.08
  0.987411  0.0455457  -0.151476   0.034105
-0.0505918    0.99828 -0.0296254  0.0038057
  0.149866  0.0369159   0.988017  0.0079167
4.1
  0.987005   0.046431  -0.153833  0.0341795
-0.0516006   0.998224 -0.0297828 0.00382259
  0.152177  0.0373337   0.987648 0.00801934
4.12
  0.986559  0.0472143  -0.156435  0.0343668
-0.0525173   0.998171 -0.0299392 0.00382296
  0.154735  0.0377523   0.987234 0.00824257
4.14
  0.986127  0.0480098    -0.1589  0.0344128
-0.0534483   0.998116 -0.0301287 0.00384642
  0.157155  0.0382037   0.986835 0.00833906
4.16
  0.985682  0.0486782  -0.161436   0.034568
-0.0542644   0.998065 -0.0303739 0.00390519
  0.159645  0.0386993   0.986416 0.00857791
4.18
  0.985242  0.0492987  -0.163915  0.0347938
-0.0550133    0.99802 -0.0305056 0.00385514
  0.162087  0.0390729   0.986003 0.00878432
4.2
  0.984856  0.0503653  -0.165897  0.0350048
-0.0562111   0.997946 -0.0307298 0.00390006
  0.164009  0.0395897   0.985664  0.0090455
4.22
  0.984524  0.0511577  -0.167618  0.0351071
-0.0571415   0.997883 -0.0310688 0.00388658
  0.165674  0.0401659   0.985362 0.00915091
4.24
  0.984148  0.0518221  -0.169611  0.0352579
-0.0579762    0.99782 -0.0315309 0.00392335
  0.167608  0.0408645   0.985006 0.00944306
4.28
  0.983374  0.0540107  -0.173374  0.0355894
-0.0605904   0.997621 -0.0328814 0.00396292
  0.171185  0.0428395   0.984307 0.00989355
4.3
  0.983021  0.0550591  -0.175036  0.0357382
 -0.061907   0.997506 -0.0339028 0.00394802
  0.172732  0.0441631   0.983978  0.0100726
4.32
  0.982646  0.0563111  -0.176739  0.0358573
-0.0634543    0.99737 -0.0350237 0.00380507
  0.174302  0.0456307   0.983634 0.00995221
4.4
  0.980624  0.0624529  -0.185677  0.0362623
-0.0709199   0.996707 -0.0393072 0.00396808
  0.182611  0.0517138   0.981824  0.0105334
4.42
  0.980062  0.0637989  -0.188173  0.0363357
 -0.072498   0.996578 -0.0397083 0.00390375
  0.184995  0.0525587   0.981333   0.010493
4.44
  0.979459  0.0651437  -0.190828   0.036546
-0.0740745   0.996449 -0.0400389 0.00394389
  0.187542   0.053352   0.980807  0.0108022
4.48
  0.978261  0.0680152  -0.195905  0.0366499
-0.0773742   0.996179 -0.0405139 0.00386996
  0.192401  0.0547912   0.979786  0.0104334
4.56
  0.975901  0.0732084  -0.205565  0.0369641
-0.0835431   0.995617 -0.0420421 0.00403399
  0.201586  0.0582024    0.97774  0.0105678
4.58
  0.975362  0.0732183  -0.208107  0.0369004
-0.0837401   0.995594 -0.0421953  0.0040428
  0.204101  0.0585826   0.977195  0.0104932
4.6
  0.974825  0.0729438  -0.210701  0.0369372
-0.0836509   0.995595 -0.0423472 0.00407636
  0.206684  0.0589065   0.976633  0.0105937
4.62
  0.974079   0.072264  -0.214357  0.0389376
-0.0832066   0.995627  -0.042461 0.00395658
  0.210351  0.0591962   0.975832  0.0105571
4.64
  0.973513  0.0721165  -0.216961  0.0389913
-0.0832698   0.995612 -0.0426995 0.00399785
   0.21293  0.0596349   0.975246  0.0107024
4.66
   0.97294   0.071928  -0.219577  0.0390941
 -0.083273   0.995605 -0.0428446 0.00400929
  0.215531  0.0599701   0.974654  0.0106578
4.7
  0.971926  0.0702284  -0.224561   0.039226
-0.0819211   0.995703 -0.0431713 0.00401576
  0.220564  0.0603556   0.973503  0.0107848
4.72
  0.971432  0.0696466   -0.22687  0.0392482
-0.0815002   0.995733 -0.0432954 0.00399971
  0.222887  0.0605485   0.972962  0.0109466
4.74
  0.970923  0.0694081  -0.229108  0.0392908
-0.0814478   0.995728 -0.0435077 0.00398422
   0.22511   0.060903   0.972428  0.0111536
4.76
  0.970381  0.0696917  -0.231309  0.0393637
-0.0819286   0.995679 -0.0437139 0.00402419
  0.227263    0.06137   0.971898  0.0114981
4.78
  0.969832  0.0704682  -0.233368  0.0394346
-0.0829017   0.995591 -0.0438932 0.00404664
  0.229246  0.0619157   0.971397  0.0117668
4.8
  0.969351  0.0712611  -0.235116  0.0395238
-0.0838626   0.995504  -0.044028 0.00405774
  0.230922  0.0623961    0.97097  0.0121191
4.82
  0.968921  0.0718477  -0.236705  0.0395569
-0.0846021   0.995436 -0.0441605 0.00403569
  0.232452  0.0628138   0.970577  0.0123754
4.84
  0.968478  0.0722473  -0.238391  0.0395977
-0.0851662    0.99538  -0.044331 0.00404578
  0.234087  0.0632365   0.970157  0.0127747
4.86
  0.968057  0.0728112  -0.239925  0.0396161
-0.0858847   0.995312 -0.0444779 0.00406006
  0.235562   0.063663   0.969772  0.0129812
4.88
  0.967669  0.0728712  -0.241468  0.0395879
-0.0860715   0.995292 -0.0445634  0.0040091
  0.237084  0.0639062   0.969385  0.0132143
4.9
  0.967218  0.0729343  -0.243249  0.0395338
-0.0862892   0.995267 -0.0446923 0.00407623
  0.238838  0.0642169   0.968934  0.0138311
4.92
  0.966712  0.0729039  -0.245261  0.0394557
 -0.086386    0.99526 -0.0446547 0.00401829
  0.240843  0.0643554   0.968428  0.0140693
4.94
  0.966167  0.0724948  -0.247521  0.0394498
-0.0861258   0.995282 -0.0446796 0.00400576
  0.243114  0.0644859   0.967852  0.0146277
4.96
   0.96566   0.071846  -0.249677  0.0393347
-0.0856355   0.995319  -0.044798 0.00391928
   0.24529  0.0646409   0.967292  0.0151111
4.98
   0.96503   0.071818  -0.252108  0.0392625
 -0.085863   0.995284 -0.0451438 0.00403315
  0.247677  0.0652119   0.966645  0.0158963
5
  0.964416  0.0719569  -0.254411  0.0391899
-0.0862008   0.995249 -0.0452748 0.00405409
  0.249944  0.0655941   0.966036  0.0163704
5.02
   0.96387  0.0713714  -0.256632  0.0391614
-0.0857671   0.995283 -0.0453321 0.00395854
  0.252186  0.0657048   0.965445  0.0168268
5.04
  0.963287  0.0710797  -0.258892  0.0391386
-0.0856806   0.995281 -0.0455433 0.00399232
  0.254433  0.0660533   0.964832  0.0177293
5.06
  0.962666  0.0711483  -0.261173  0.0391439
-0.0859402   0.995254 -0.0456443 0.00381483
  0.256686  0.0663855   0.964212  0.0177946
5.08
  0.961999  0.0716906  -0.263472  0.0391878
 -0.086669    0.99519 -0.0456582   0.003911
  0.258932  0.0667581   0.963586  0.0187415
5.1
  0.961379  0.0722567  -0.265574  0.0392786
-0.0874304    0.99512 -0.0457488  0.0038899
  0.260972  0.0672012   0.963004   0.019593
5.12
  0.957931  0.0722918  -0.277744  0.0499056
-0.0885342   0.994993 -0.0463733 0.00425105
  0.273001  0.0690123   0.959535  0.0226011
5.14
  0.957395  0.0739209  -0.279162  0.0502876
-0.0904125   0.994811 -0.0466505 0.00433622
  0.274265  0.0699027    0.95911  0.0238285
5.16
  0.956989  0.0751289  -0.280229  0.0503482
-0.0918086   0.994674 -0.0468584 0.00422581
  0.275216  0.0705704   0.958789  0.0250029
5.2
  0.955804  0.0781335  -0.283432  0.0501783
 -0.095289   0.994328 -0.0472325 0.00399709
  0.278134   0.072153   0.957828  0.0271953
5.22
  0.955139  0.0788299  -0.285475  0.0501302
-0.0962309   0.994229 -0.0474259 0.00401634
  0.280088  0.0727697   0.957212  0.0287734
5.3
  0.952139  0.0808228  -0.294786  0.0497575
 -0.099211   0.993911 -0.0479399 0.00338833
  0.289116  0.0748914    0.95436  0.0344032
5.32
  0.951293  0.0814406  -0.297337  0.0497593
 -0.100081   0.993821 -0.0479895 0.00322112
  0.291591  0.0754098   0.953566  0.0362888
5.34
  0.950536  0.0822094  -0.299538  0.0493942
 -0.101164   0.993696 -0.0483034 0.00309848
  0.293678  0.0762165   0.952861  0.0382885
5.36
  0.949682  0.0829522  -0.302031  0.0487615
 -0.102201   0.993582 -0.0484686 0.00283431
  0.296073  0.0768978   0.952065  0.0395023
5.38
  0.948443  0.0836283  -0.305717  0.0483907
 -0.103247    0.99347 -0.0485461 0.00285592
  0.299661  0.0776075   0.950884  0.0415414
5.4
  0.947051  0.0840657  -0.309883  0.0481388
 -0.103993   0.993403  -0.048325 0.00245487
  0.303777  0.0779918   0.949546  0.0429681
5.42
  0.945478  0.0852119  -0.314342  0.0480825
 -0.105602   0.993231  -0.048386 0.00227856
  0.308091  0.0789432   0.948076  0.0449933
5.44
  0.943902   0.086434  -0.318713  0.0479157
 -0.107274   0.993051 -0.0483896 0.00194995
  0.312316  0.0798645   0.946615  0.0465757
5.46
  0.942336  0.0872239  -0.323102  0.0476877
  -0.10871   0.992864 -0.0490258 0.00213307
   0.31652  0.0813233   0.945094  0.0486737
5.48
  0.938217  0.0858878  -0.335219  0.0533165
 -0.108395     0.9929 -0.0489835 0.00114833
  0.328632  0.0822933   0.940866  0.0516958
5.5
    0.936049    0.0858397     -0.34124    0.0536463
   -0.108602     0.992919   -0.0481324 -0.000859212
    0.334692    0.0821135     0.938743    0.0574131
5.52
    0.933997    0.0866638    -0.346611    0.0538402
   -0.110056     0.992749   -0.0483427 -0.000969651
    0.339908    0.0832983     0.936763    0.0597173
5.54
   0.931984   0.0884515   -0.351542    0.054254
  -0.112471    0.992473  -0.0484588 -0.00121928
    0.34461    0.084701    0.934917   0.0621176
5.56
   0.930178   0.0907162   -0.355724   0.0543292
  -0.115358    0.992133  -0.0486346 -0.00136663
   0.348514   0.0862743    0.933325   0.0642502
5.58
   0.928447   0.0926338   -0.359729   0.0541691
  -0.117769    0.991854  -0.0485461 -0.00183836
   0.352302   0.0874376    0.931793   0.0663349
5.6
   0.926569   0.0944378   -0.364076   0.0539905
  -0.120123    0.991573  -0.0485084 -0.00232605
   0.356427   0.0886805    0.930105   0.0682784
5.64
   0.922353   0.0987047   -0.373527   0.0537441
   -0.12569    0.990882  -0.0485253 -0.00311057
   0.365332    0.091706    0.926349   0.0720054
5.8
   0.904052    0.111098   -0.412731   0.0537749
  -0.142769    0.988659  -0.0465974 -0.00707486
   0.402873    0.101052     0.90966    0.087799
5.82
   0.901438    0.113911   -0.417653   0.0541815
  -0.146392    0.988135  -0.0464597 -0.00736181
   0.407405    0.103022    0.907418   0.0902477
5.86
   0.896909    0.118746   -0.425975   0.0543248
  -0.152453     0.98725  -0.0457879 -0.00876531
   0.415106    0.106009    0.903576   0.0938192
5.88
   0.89516    0.12052  -0.429143  0.0527236
 -0.153997   0.987091 -0.0440131 -0.0116086
  0.418299   0.105486   0.902163  0.0978716
5.9
   0.89262    0.12318  -0.433654   0.052099
 -0.157299   0.986591 -0.0435356 -0.0127994
  0.422476   0.107074   0.900027   0.103701
5.96
   0.88366   0.129538  -0.449851  0.0521814
  -0.16579   0.985268 -0.0419529 -0.0141787
  0.437789   0.111653   0.892118   0.110758
5.98
  0.880902   0.131659  -0.454618  0.0525569
 -0.168728   0.984778 -0.0417432 -0.0144005
  0.442202   0.113478   0.889708   0.113741
6
  0.878589   0.133407  -0.458568  0.0527425
 -0.171214   0.984352 -0.0416683 -0.0147197
  0.445834   0.115123   0.887682   0.116163
6.02
  0.876305   0.135203  -0.462395  0.0528242
 -0.173693   0.983926 -0.0414761 -0.0151437
  0.449355    0.11666   0.885703   0.118905
6.04
  0.874781   0.136808  -0.464802  0.0515333
 -0.174855   0.983801 -0.0395182 -0.0187401
  0.451867   0.115843   0.884532   0.121192
6.06
  0.872529   0.138324  -0.468572  0.0514581
 -0.176896   0.983453   -0.03908 -0.0194702
  0.455413   0.116987    0.88256   0.123451
6.08
   0.87002   0.139779  -0.472787  0.0516276
 -0.178954   0.983098 -0.0386582 -0.0200811
  0.459392    0.11824   0.880329   0.126259
6.1
  0.867453   0.141916  -0.476848  0.0518011
 -0.181886   0.982568 -0.0384518 -0.0201545
  0.463079   0.120087   0.878144   0.129217
6.12
  0.865133   0.143713  -0.480511  0.0519042
 -0.184198   0.982159 -0.0378902 -0.0207213
  0.466493   0.121289    0.87617   0.131896
6.14
  0.862978   0.144518  -0.484132   0.052068
 -0.185521   0.981921 -0.0375833 -0.0211251
  0.469948    0.12225   0.874187    0.13494
6.16
  0.861186   0.144956  -0.487181  0.0522006
 -0.185827   0.981911 -0.0363268 -0.0234625
  0.473103   0.121816   0.872545   0.136035
6.18
  0.859318   0.146468   -0.49002  0.0523225
 -0.187922   0.981518 -0.0361703 -0.0239573
  0.475665   0.123167   0.870961    0.13812
6.2
  0.857442   0.147756  -0.492912  0.0522169
 -0.189677   0.981193 -0.0358285 -0.0245063
  0.478348   0.124215   0.869341   0.140767
6.22
   0.85539   0.149067  -0.496071   0.052148
 -0.191499   0.980852 -0.0354661 -0.0251343
  0.481285   0.125335   0.867557   0.143115
6.24
  0.853109   0.150615   -0.49952  0.0519302
 -0.193642   0.980445 -0.0350886 -0.0255518
  0.484467   0.126662   0.865592   0.145557
6.26
  0.850601   0.152237  -0.503292  0.0517262
 -0.195897   0.980012 -0.0346444 -0.0257653
  0.487958   0.128062   0.863422   0.148106
6.28
  0.847988   0.153529  -0.507291  0.0516439
 -0.197698   0.979674 -0.0339793 -0.0262437
  0.491763   0.129104   0.861104   0.150659
6.3
  0.845241   0.155321  -0.511316  0.0519352
 -0.200174   0.979189 -0.0334562 -0.0265035
  0.495478   0.130631   0.858742   0.153645
6.32
  0.842683   0.157616  -0.514823  0.0519775
  -0.20323   0.978573 -0.0330593 -0.0269042
  0.498581   0.132486   0.856659   0.156316
6.34
  0.840351   0.159451  -0.518059  0.0521802
 -0.205242   0.978193 -0.0318523 -0.0283915
  0.501682   0.133095   0.854752   0.156603
6.38
  0.835556   0.162886  -0.524704  0.0524206
 -0.209141   0.977437 -0.0296122 -0.0284074
  0.508042    0.13448    0.85077   0.161854
6.4
  0.833433   0.164119  -0.527687  0.0524439
 -0.210135   0.977273 -0.0279401 -0.0284835
  0.511109   0.134172   0.848979    0.16454
6.42
  0.831379   0.165059  -0.530626  0.0521443
 -0.210828   0.977168 -0.0263619 -0.0283765
   0.51416   0.133788   0.847196   0.167045
6.44
  0.829195   0.165225  -0.533981  0.0521113
 -0.210567    0.97727 -0.0245928 -0.0286822
   0.51778   0.132831   0.845139   0.169748
6.46
  0.826987    0.16492  -0.537488  0.0522854
 -0.209872   0.977458 -0.0229945 -0.0285462
   0.52158    0.13182   0.842958   0.172561
6.48
  0.824995   0.164454  -0.540682  0.0521449
 -0.208804   0.977727 -0.0212158 -0.0288144
  0.525151     0.1304   0.840959   0.174846
6.5
  0.823105    0.16354  -0.543832  0.0524842
 -0.207352   0.978068 -0.0197104 -0.0286113
  0.528681   0.128989   0.838962   0.177464
6.54
  0.820281   0.161809  -0.548596  0.0527429
 -0.203753   0.978893 -0.0159344 -0.0291578
  0.534438   0.124849   0.835936   0.182295
6.56
  0.818741   0.162278  -0.550753  0.0526711
 -0.203673   0.978934 -0.0143354 -0.0295101
  0.536825    0.12391   0.834545   0.184642
6.58
  0.817121   0.162438  -0.553107  0.0526697
 -0.203386   0.979013 -0.0129478 -0.0302053
  0.539396   0.123074   0.833009   0.186941
6.6
  0.815314   0.162359  -0.555789  0.0527296
 -0.202977   0.979113 -0.0117353   -0.03142
  0.542275    0.12238    0.83124   0.187763
6.62
  0.813014   0.162494   -0.55911  0.0526986
 -0.203262   0.979062 -0.0110224 -0.0320601
  0.545613   0.122607    0.82902   0.189911
6.64
   0.81065   0.162007  -0.562672  0.0525002
 -0.203033   0.979115 -0.0106018  -0.032643
  0.549203   0.122835   0.826612   0.191905
7.22
   0.73495    0.16849  -0.656856  0.0509151
  -0.21736   0.976065 0.00716776 -0.0459477
  0.642342   0.137507   0.753982   0.262052
7.24
  0.731902   0.168371  -0.660281  0.0515957
 -0.217707   0.975985 0.00755364  -0.047418
  0.645696   0.138219   0.750981   0.264389
7.26
  0.729174   0.168467  -0.663268  0.0516938
 -0.218658   0.975773 0.00745666 -0.0481302
  0.648455   0.139592   0.748345   0.267445
7.3
  0.724135   0.168516  -0.668753    0.05153
 -0.220409   0.975381 0.00712016 -0.0495422
  0.653489   0.142243   0.743451   0.273137
7.32
  0.721416    0.16854  -0.671679  0.0515056
 -0.221323   0.975176 0.00698313 -0.0502216
  0.656182    0.14362   0.740809   0.276126
7.34
  0.718502   0.168717  -0.674751   0.051684
 -0.222445   0.974921 0.00690321  -0.050903
  0.658994   0.145135   0.738013   0.279323
7.36
  0.715706   0.168852  -0.677682  0.0515855
 -0.223568   0.974665 0.00673698 -0.0515026
  0.661651   0.146686   0.735324   0.282318
7.38
  0.712741   0.168203  -0.680961  0.0514444
 -0.223646   0.974648 0.00666356 -0.0520456
  0.664818   0.147545   0.732289   0.285269
7.4
  0.709401   0.167517  -0.684608  0.0514849
 -0.223713   0.974632 0.00666821 -0.0527101
  0.668359   0.148425   0.728881   0.288277
7.42
  0.705932   0.166694  -0.688385  0.0514976
 -0.223669   0.974643 0.00664111 -0.0533401
  0.672036   0.149282   0.725315   0.291376
7.44
  0.702113   0.166228  -0.692391  0.0525941
  -0.22322   0.974738 0.00765926 -0.0559126
  0.676173   0.149178   0.721481   0.293051
7.46
  0.698284   0.166159  -0.696269  0.0527992
 -0.224134   0.974527 0.00777985 -0.0566632
  0.679826   0.150625   0.717739   0.296101
7.48
  0.694688   0.166027  -0.699888  0.0529445
 -0.225031   0.974321 0.00776791 -0.0574222
  0.683205     0.1521    0.71421   0.299093
7.5
  0.691134   0.165854  -0.703439  0.0530556
 -0.225941   0.974111 0.00768296 -0.0581544
  0.686502   0.153625   0.710714   0.302182
7.52
  0.687467   0.166052  -0.706977  0.0530987
 -0.227278   0.973799 0.00771687 -0.0589892
  0.689735   0.155375   0.707195   0.305291
7.54
   0.68386   0.166326  -0.710402  0.0529466
 -0.228728    0.97346 0.00773355 -0.0597179
  0.692834     0.1572   0.703753   0.308225
7.56
  0.680179   0.166238  -0.713948  0.0527849
 -0.229692   0.973232 0.00778303 -0.0603879
  0.696131   0.158694   0.700156   0.311163
7.58
  0.676426   0.165916  -0.717579  0.0526656
   -0.2302    0.97311 0.00800147 -0.0611331
  0.699611   0.159774   0.696431   0.314093
7.6
  0.672446   0.165629  -0.721376  0.0527701
 -0.230759   0.972976 0.00829027 -0.0620142
  0.703254   0.160889   0.692494   0.317313
7.62
  0.668453   0.166098  -0.724971  0.0535071
  -0.23183   0.972714 0.00910172 -0.0639163
  0.706701   0.161986    0.68872   0.318886
7.64
  0.664395   0.166689  -0.728556  0.0536789
 -0.233454   0.972321 0.00956547  -0.065013
  0.709984   0.163729    0.68492   0.321721
7.66
  0.660338   0.167511  -0.732048  0.0536022
 -0.235523   0.971818 0.00992503 -0.0656185
   0.71308    0.16586   0.681181   0.324885
7.68
   0.65611    0.16845  -0.735625  0.0535761
 -0.237572   0.971313  0.0105277 -0.0661085
  0.716295   0.167857   0.677307    0.32823
7.7
  0.651816    0.16959  -0.739172  0.0535186
 -0.239288   0.970878  0.0117419 -0.0666864
  0.719637   0.169221   0.673414   0.331551
7.74
  0.642885   0.172855  -0.746204  0.0534859
 -0.243764   0.969724  0.0146193 -0.0677553
  0.726139   0.172499   0.665557   0.338321
7.76
  0.638391   0.174626  -0.749642  0.0548435
 -0.245074   0.969353  0.0171023 -0.0702041
  0.729655     0.1728   0.661622   0.339598
7.78
  0.634151   0.175387  -0.753055  0.0542925
 -0.246168   0.969053  0.0183935 -0.0706324
  0.732976   0.173714   0.657701    0.34284
7.8
  0.628852   0.175912  -0.757364  0.0540146
 -0.246999    0.96881  0.0199369 -0.0712876
   0.73725   0.174531   0.652688   0.346062
7.82
  0.623195   0.176734  -0.761835  0.0540019
 -0.248508   0.968394  0.0213682 -0.0718084
  0.741533   0.176005   0.647418   0.349467
7.84
  0.617826   0.177586  -0.765999  0.0542038
 -0.250211   0.967928  0.0225893 -0.0722619
  0.745443   0.177705   0.642445   0.353067
7.86
  0.613022   0.178396  -0.769662  0.0541763
 -0.251861   0.967475  0.0236426 -0.0726068
  0.748846   0.179355   0.638014   0.356386
7.88
  0.608421   0.178839  -0.773202  0.0543663
 -0.253029   0.967146  0.0245933 -0.0731466
  0.752197    0.18068   0.633683   0.359871
7.9
  0.604069   0.179638  -0.776422  0.0542199
 -0.254584   0.966712  0.0255937 -0.0737204
  0.755174   0.182204   0.629694   0.363173
7.92
  0.599769   0.180548  -0.779538  0.0541179
 -0.256523   0.966177  0.0264094 -0.0738896
   0.75794    0.18413   0.625798    0.36656
7.94
  0.595526    0.18164  -0.782531  0.0540925
 -0.258475   0.965628  0.0274344 -0.0744324
  0.760618   0.185927   0.622007   0.369903
7.96
  0.591698   0.182317  -0.785273  0.0539025
 -0.260095   0.965174  0.0281045 -0.0743896
  0.763049   0.187616   0.618511   0.373111
7.98
  0.588075   0.182239  -0.788008  0.0539748
 -0.260687   0.964999  0.0286255 -0.0743513
  0.765643    0.18859   0.614999   0.376543
8
  0.584652   0.182394  -0.790515  0.0538994
 -0.261088   0.964863  0.0295246 -0.0749511
  0.768124   0.189132   0.611731   0.379839
8.02
 0.581449  0.182498  -0.79285 0.0537644
 -0.26183  0.964647 0.0300245 -0.075199
   0.7703  0.190134  0.608677  0.383118
8.04
  0.578711   0.182334  -0.794889   0.053404
 -0.262323   0.964506  0.0302591 -0.0754261
  0.772192   0.191006      0.606   0.385966
8.06
  0.575662   0.182135  -0.797145  0.0542321
 -0.263223   0.964261  0.0302316 -0.0755106
  0.774162   0.192423   0.603031   0.389444
8.08
  0.573215    0.18257  -0.798807  0.0540928
 -0.264559   0.963888  0.0304548 -0.0758488
  0.775521   0.193875   0.600816   0.392598
8.1
  0.570841   0.183011  -0.800405  0.0536013
 -0.265564   0.963597  0.0309271 -0.0762118
  0.776927   0.194904   0.598662   0.395093
8.12
 0.567737  0.183347 -0.802532 0.0533249
 -0.26615  0.963406  0.031817 -0.076514
 0.778998  0.195531   0.59576  0.397933
8.14
  0.564272    0.18416  -0.804787  0.0527714
 -0.266933   0.963142   0.033238 -0.0768099
  0.781245   0.196069   0.592632   0.400657
8.16
    0.5606   0.184819  -0.807199  0.0521384
 -0.267457   0.962944  0.0347299 -0.0770442
  0.783706   0.196421   0.589257     0.4033
8.18
  0.556672   0.185409  -0.809778  0.0516926
  -0.26776   0.962799  0.0363768 -0.0773221
  0.786398   0.196576   0.585608   0.406013
8.2
  0.552832   0.186195  -0.812224  0.0510466
 -0.268325   0.962578  0.0380297 -0.0775894
   0.78891   0.196916   0.582105    0.40844
8.22
  0.548715   0.186954  -0.814838  0.0504104
 -0.268826   0.962367  0.0397744 -0.0779913
  0.791609   0.197224   0.578323   0.411136
8.24
  0.544654   0.187087  -0.817527  0.0502725
 -0.269028    0.96226  0.0409761 -0.0777792
   0.79434    0.19762   0.574431   0.412633
8.26
   0.54044   0.187822  -0.820151  0.0498371
 -0.269475   0.962058  0.0427498 -0.0779927
  0.797062   0.197906   0.570548   0.415184
8.28
  0.536787   0.188533  -0.822384  0.0492018
 -0.270033   0.961834  0.0442464 -0.0781941
  0.799339    0.19832    0.56721    0.41758
8.3
  0.533322   0.189139  -0.824496  0.0481596
 -0.270368   0.961671  0.0457202 -0.0786891
  0.801541   0.198534   0.564018   0.419777
8.32
   0.52941   0.189797  -0.826863  0.0472678
 -0.271137   0.961389  0.0470772 -0.0792272
  0.803872    0.19927    0.56043   0.422014
8.34
  0.525559   0.190378  -0.829183  0.0463179
  -0.27212   0.961057  0.0481785 -0.0796352
  0.806064   0.200316   0.556897   0.424181
8.36
  0.522037   0.190603  -0.831353  0.0452913
 -0.272833   0.960815  0.0489634 -0.0797736
  0.808109    0.20126   0.553583   0.426284
8.38
   0.51851   0.190652  -0.833546  0.0442447
 -0.273142   0.960683  0.0498226 -0.0802078
  0.810272   0.201843   0.550198   0.428502
8.4
  0.515821   0.190667  -0.835209  0.0436585
 -0.273458   0.960563  0.0503974 -0.0805453
   0.81188   0.202399   0.547618   0.427171
8.42
  0.512374   0.190996  -0.837254  0.0426593
 -0.274568   0.960213  0.0510189 -0.0808869
  0.813686   0.203742   0.544429   0.429418
8.44
  0.509286    0.19105  -0.839123  0.0415187
 -0.275476   0.959935  0.0513627 -0.0810818
  0.815317      0.205   0.541511   0.431631
8.46
  0.506435    0.19095  -0.840869  0.0406199
 -0.276271   0.959697  0.0515429 -0.0812761
  0.816822   0.206205   0.538778   0.434186
8.48
  0.504199   0.191095  -0.842179  0.0395974
 -0.277289   0.959395  0.0516832 -0.0813981
  0.817859   0.207469   0.536715   0.436539
8.5
  0.502619    0.19127  -0.843083  0.0381307
 -0.277845   0.959219   0.051976 -0.0815856
  0.818643   0.208122   0.535265   0.438437
8.52
  0.500811   0.191137  -0.844189  0.0366053
 -0.277901   0.959184  0.0523103 -0.0820705
  0.819731   0.208403   0.533487   0.440504
8.54
    0.4986   0.190909  -0.845548  0.0354136
 -0.278276   0.959068  0.0524466 -0.0824177
  0.820951   0.209146   0.531317    0.44303
8.56
  0.496793   0.190742  -0.846649  0.0337906
 -0.278519   0.958988  0.0526228 -0.0829091
  0.821963   0.209665   0.529544    0.44534
8.58
  0.49464  0.190326 -0.848002 0.0321732
-0.278562  0.958969 0.0527456 -0.083212
 0.823246  0.210131  0.527362  0.447712
8.6
  0.491969   0.190169  -0.849589  0.0305503
  -0.27886    0.95886  0.0531492 -0.0836212
  0.824744   0.210769    0.52476   0.450139
8.62
  0.489284   0.190118   -0.85115  0.0291136
 -0.279516   0.958652  0.0534504 -0.0838601
  0.826118   0.211757   0.522195   0.452559
8.64
  0.487205   0.189757  -0.852422  0.0274895
 -0.279857   0.958554  0.0534294 -0.0839836
  0.827231   0.212525   0.520117   0.454899
8.66
  0.485171   0.189593  -0.853618  0.0264948
 -0.279724   0.958565   0.053915 -0.0853479
   0.82847    0.21262   0.518102   0.456268
8.68
  0.482777   0.189252   -0.85505  0.0248371
 -0.280491   0.958351  0.0537454 -0.0856247
  0.829609   0.213887   0.515753    0.45911
8.74
  0.474999   0.188685  -0.859519  0.0196046
 -0.282568   0.957721  0.0540864 -0.0867415
  0.833385   0.217182   0.508233   0.466827
8.76
  0.472867   0.188526  -0.860729  0.0174142
 -0.283207   0.957529  0.0541397 -0.0870584
   0.83438   0.218164   0.506176   0.469145
8.78
 0.470911  0.188382 -0.861832 0.0157584
-0.283912  0.957322  0.054123 -0.087605
 0.835247  0.219197  0.504297  0.472136
8.8
  0.469751   0.187919  -0.862566  0.0141244
 -0.284558   0.957162  0.0535581 -0.0879096
   0.83568   0.220291   0.503101   0.474983
8.82
  0.469005   0.187686  -0.863023  0.0124108
 -0.285046   0.957035  0.0532243 -0.0884457
  0.835932   0.221039   0.502353   0.477244
8.84
  0.467991     0.1871    -0.8637   0.010457
 -0.284832   0.957111  0.0530002 -0.0891998
  0.836573   0.221206   0.501212   0.479782
8.86
   0.46655   0.186285  -0.864655 0.00840279
 -0.284189   0.957308  0.0529039 -0.0899167
  0.837596   0.221043   0.499572   0.482178
8.88
  0.463987   0.185505  -0.866201 0.00649973
 -0.283688   0.957446  0.0530867 -0.0908748
  0.839189   0.221099   0.496868   0.485098
8.9
  0.460862   0.185802  -0.867804 0.00600003
  -0.28397   0.957302  0.0541565 -0.0928849
  0.840814   0.221472   0.493946   0.485894
8.92
  0.457791   0.185503  -0.869492 0.00413228
 -0.285154   0.956958   0.054029 -0.0931553
  0.842089   0.223205   0.490984   0.488778
8.96
   0.450907    0.185533   -0.873075 7.27194e-05
  -0.288699    0.955894   0.0540315  -0.0945196
   0.844592    0.227693    0.484583    0.494107
8.98
   0.446553    0.186134   -0.875183 -0.00204905
  -0.291056    0.955145   0.0546324  -0.0952994
   0.846095    0.230331    0.480698    0.496611
9
    0.44184    0.186684   -0.877455 -0.00371905
  -0.293083    0.954475   0.0554896  -0.0964843
   0.847868     0.23265    0.476439    0.499789
9.02
  0.438105   0.186578  -0.879348 -0.0052611
 -0.294726   0.953964  0.0555732   -0.09705
  0.849235    0.23482   0.472926   0.503287
9.04
   0.435636    0.186197   -0.880654 -0.00707989
  -0.295621    0.953697   0.0554046  -0.0979652
   0.850194    0.236204    0.470509    0.506327
9.06
   0.433731    0.185473   -0.881747 -0.00889235
  -0.295899    0.953632   0.0550417  -0.0989911
   0.851071    0.237034    0.468501    0.509289
9.08
  0.431671    0.18457  -0.882946 -0.0108104
 -0.296508   0.953482  0.0543526 -0.0998093
  0.851906   0.238338   0.466317   0.512139
9.1
  0.429092    0.18391   -0.88434 -0.0126538
 -0.297622   0.953166   0.053814  -0.100531
   0.85282   0.240108   0.463731   0.515055
9.12
  0.426557     0.1848   -0.88538 -0.0143438
 -0.299035   0.952669  0.0547762  -0.103258
  0.853597   0.241395   0.461629     0.5158
9.14
  0.423172   0.184551  -0.887055 -0.0163501
 -0.300521   0.952203  0.0547413  -0.104183
  0.854759   0.243413   0.458407   0.518605
9.16
  0.419439   0.183967  -0.888947 -0.0182917
 -0.302147   0.951708  0.0543909  -0.104941
  0.856025   0.245779   0.454769   0.521107
9.18
  0.415377   0.183248  -0.891001 -0.0200698
 -0.303741   0.951221  0.0540325  -0.106015
   0.85744   0.248189   0.450775   0.524179
9.2
  0.411925   0.182356  -0.892784 -0.0217984
 -0.305161   0.950802   0.053407  -0.106554
    0.8586   0.250443   0.447307   0.526717
9.22
  0.408392   0.181639  -0.894552 -0.0233581
 -0.306782   0.950308  0.0529043  -0.107331
   0.85971   0.252826   0.443822   0.530184
9.24
  0.405699   0.181354  -0.895834 -0.0250606
 -0.308854   0.949666  0.0523805  -0.107879
  0.860243   0.255431    0.44129   0.532778
9.26
  0.403363   0.181197   -0.89692 -0.0269586
 -0.310648     0.9491  0.0520342  -0.108573
  0.860695   0.257638    0.43912   0.534968
9.28
  0.398575   0.182478  -0.898799 -0.0260625
 -0.311127   0.948795  0.0546584  -0.113423
   0.86275   0.257855    0.43494   0.537535
9.32
  0.391566   0.181735  -0.902025 -0.0298304
 -0.313161   0.948102  0.0550766  -0.115016
   0.86522   0.260913   0.428157   0.541894
9.34
  0.387288   0.181251  -0.903967 -0.0315228
 -0.313904   0.947828  0.0555584  -0.115749
  0.866875   0.262242   0.423978   0.544262
9.36
  0.383416   0.180799  -0.905706 -0.0330816
 -0.314854   0.947495   0.055853  -0.116309
  0.868251   0.263751    0.42021   0.547317
9.4
  0.378269   0.180156  -0.907996 -0.0362773
 -0.316602   0.946905  0.0559805  -0.117405
  0.869871   0.266298   0.415222   0.551742
9.42
  0.375947   0.179683  -0.909053 -0.0377717
  -0.31718   0.946713  0.0559542  -0.117648
  0.870667   0.267298   0.412906   0.553589
9.44
   0.37364   0.179437  -0.910052 -0.0394561
 -0.317806   0.946492  0.0561401   -0.11823
  0.871431   0.268244   0.410674   0.555654
9.46
 0.370951  0.180149 -0.911011 -0.039911
 -0.31758  0.946465 0.0578462 -0.121102
 0.872662  0.267861  0.408304  0.556027
9.48
  0.368416    0.17952  -0.912163 -0.0412097
 -0.317143    0.94659  0.0582035  -0.121876
  0.873893   0.267843   0.405673   0.558003
9.5
  0.366033   0.178942  -0.913236 -0.0427541
  -0.31638   0.946814  0.0587131  -0.122847
  0.875171   0.267439   0.403178   0.560089
9.52
  0.363621   0.178025  -0.914378 -0.0441713
 -0.315661   0.947045  0.0588558  -0.123352
  0.876435   0.267232   0.400561   0.562452
9.54
  0.361536   0.177052  -0.915393 -0.0456304
 -0.314694   0.947361  0.0589459  -0.123768
  0.877644   0.266758   0.398222   0.564328
9.56
 0.359331   0.17611 -0.916442 -0.047056
-0.313528  0.947732 0.0591911 -0.124322
 0.878966  0.266061  0.395765  0.566318
9.58
  0.357263   0.175349  -0.917396 -0.0485025
 -0.312346   0.948098  0.0595795  -0.124741
  0.880229    0.26526    0.39349   0.568022
9.6
  0.355334    0.17493  -0.918225 -0.0499617
 -0.311327   0.948394  0.0602008  -0.125038
   0.88137   0.264477   0.391458   0.569681
9.62
  0.352898   0.174919  -0.919166 -0.0514685
 -0.310877   0.948481  0.0611422  -0.125726
  0.882507   0.264171   0.389095   0.571978
9.64
  0.350784   0.174898  -0.919979 -0.0529281
 -0.311051   0.948388  0.0616959  -0.125927
  0.883288   0.264519   0.387082   0.573759
9.66
  0.348839   0.175273  -0.920647 -0.0545294
 -0.311316   0.948244   0.062567  -0.126418
  0.883965   0.264786    0.38535   0.575314
9.7
  0.344319    0.17634  -0.922143 -0.0576503
 -0.311079   0.948148  0.0651591  -0.127503
  0.885818   0.264424   0.381322   0.578729
9.72
   0.34162   0.176982  -0.923024 -0.0594323
 -0.310769   0.948137  0.0667784   -0.12826
  0.886972   0.264034   0.378903   0.580969
9.74
  0.339449   0.177885  -0.923651 -0.0604686
 -0.310441   0.948121  0.0685078  -0.129663
  0.887919   0.263484   0.377062    0.58228
10.12
   0.28466   0.164944  -0.944332 -0.0942271
 -0.308385   0.948479  0.0727087  -0.139616
  0.907671   0.270521    0.32086   0.620683
10.2
 0.266245   0.16328 -0.949975 -0.102519
-0.307602  0.948411 0.0768012 -0.142337
 0.913507  0.271767  0.302735   0.62903
10.22
 0.261631  0.162841 -0.951332 -0.104077
-0.307176  0.948461 0.0778718 -0.142761
 0.914982  0.271853  0.298167  0.630658
10.24
 0.257011  0.163298 -0.952512 -0.105992
-0.306979  0.948368 0.0797571 -0.143622
 0.916356  0.271903   0.29387  0.632808
10.4
 0.221954  0.165786  -0.96086 -0.119128
-0.304487  0.947944 0.0932225 -0.145525
 0.926296  0.271878   0.26088  0.645499
10.44
 0.208889  0.169183 -0.963194 -0.124466
-0.301302  0.948144  0.101195 -0.154709
 0.930367  0.269073  0.249032   0.65792
10.56
 0.186086   0.16873 -0.967937 -0.133079
-0.306912  0.945831  0.105872 -0.160263
 0.933369  0.277371  0.227791  0.671486
10.62
 0.173703  0.168795 -0.970225 -0.137291
-0.310102  0.944458  0.108793 -0.163576
   0.9347   0.28197  0.216399  0.678452
10.64
 0.169448  0.168614 -0.971008 -0.138597
-0.310568  0.944193  0.109761 -0.164568
 0.935326  0.282965  0.212358  0.680785
10.74
 0.154027  0.166359 -0.973961  -0.14378
-0.312605  0.943295  0.111684 -0.167155
 0.937312  0.287263  0.197297   0.69039
10.76
 0.151341  0.166254   -0.9744 -0.144882
-0.313132   0.94305  0.112271 -0.167979
 0.937574  0.288125  0.194782  0.692067
10.8
 0.145302  0.165799 -0.975396 -0.147048
-0.313317  0.942831   0.11359  -0.17013
 0.938467  0.289103  0.188943  0.696789
10.82
 0.141988  0.165626 -0.975914 -0.148976
-0.312791  0.942894  0.114514 -0.171435
 0.939149  0.288997  0.185686  0.700309
10.84
 0.139933   0.16538 -0.976252 -0.150383
-0.312721   0.94287    0.1149 -0.172184
 0.939481  0.289217  0.183656  0.702616
10.86
 0.137979  0.165104 -0.976577 -0.151697
-0.312498    0.9429  0.115258 -0.172915
 0.939844  0.289275  0.181695  0.704662
10.88
 0.135958  0.164506 -0.976961 -0.152827
-0.312208  0.942987  0.115337 -0.173401
 0.940235  0.289334  0.179567   0.70658
10.9
 0.134135  0.164097 -0.977282 -0.154422
-0.311452  0.943201  0.115627 -0.174245
 0.940747  0.288867  0.177625  0.708663
10.92
 0.132274  0.163618 -0.977616 -0.155823
-0.310267  0.943553  0.115937 -0.174859
 0.941402  0.287987  0.175573  0.710803
10.94
 0.130463  0.163254  -0.97792 -0.157035
-0.309454  0.943779  0.116271 -0.175314
 0.941922  0.287453  0.173648  0.712629
10.96
 0.131119  0.162522 -0.977954 -0.158037
-0.310836  0.943467  0.115116  -0.17447
 0.941376  0.288889  0.174224  0.712882
10.98
 0.129591  0.162148  -0.97822 -0.159309
-0.311379  0.943289  0.115107 -0.174777
 0.941408   0.28968  0.172731  0.714756
11
 0.128196  0.161899 -0.978445  -0.16062
-0.311871  0.943116  0.115191 -0.175205
 0.941436  0.290382  0.171395  0.716618
11.02
 0.127035  0.161537 -0.978656 -0.161965
-0.311777  0.943145  0.115205 -0.175562
 0.941625  0.290488  0.170176  0.718225
11.14
 0.118661  0.161926 -0.979642 -0.169883
-0.310278  0.943253  0.118329 -0.176184
 0.943211   0.28992   0.16217  0.727348
11.16
 0.117251   0.16253 -0.979712 -0.171322
 -0.31055  0.943043  0.119281  -0.17612
 0.943298  0.290264  0.161046  0.728878
11.18
 0.115444  0.163025 -0.979845 -0.172746
-0.310897  0.942808  0.120234 -0.176128
 0.943407   0.29075  0.159525  0.730386
11.2
 0.113519  0.163782 -0.979943 -0.174298
-0.311452   0.94247   0.12144 -0.176479
 0.943457  0.291419  0.157998  0.731684
11.22
 0.111182  0.164574 -0.980078 -0.172084
-0.312805  0.941862  0.122672  -0.17712
 0.943288  0.292935  0.156198  0.731307
11.24
 0.109016  0.165087 -0.980235 -0.173532
-0.313526  0.941489  0.123693 -0.177159
 0.943301  0.293845  0.154397  0.732605
11.26
 0.106829  0.165589 -0.980392 -0.175086
  -0.3141   0.94116  0.124737 -0.177246
  0.94336  0.294616  0.152554  0.733764
11.28
 0.104651  0.165948 -0.980566 -0.176654
-0.314499  0.940902   0.12567 -0.177256
 0.943472  0.295235  0.150657   0.73483
11.3
 0.102371  0.166135 -0.980775 -0.178338
-0.314844  0.940679   0.12648 -0.177292
 0.943607  0.295843  0.148605   0.73611
11.32
 0.100299   0.16621 -0.980976 -0.179967
-0.314997  0.940537  0.127152 -0.177367
 0.943778  0.296252  0.146691  0.737144
11.34
0.0981717  0.166279  -0.98118 -0.181722
-0.314964  0.940451  0.127864 -0.177476
 0.944013  0.296483  0.144698  0.738266
11.36
0.0960793  0.166332 -0.981378 -0.183471
-0.315314  0.940249  0.128491 -0.177352
 0.944111  0.297097  0.142785  0.739117
11.38
0.0936979  0.166616  -0.98156  -0.18535
-0.315626  0.940014  0.129435 -0.177448
 0.944246  0.297678  0.140666  0.740124
11.4
0.0911996  0.167066 -0.981719 -0.187126
-0.314948  0.940064  0.130719 -0.177743
 0.944717  0.297269   0.13835  0.740813
11.42
0.0886047  0.167022 -0.981964 -0.188567
-0.314128  0.940219  0.131577 -0.177433
 0.945237  0.296804  0.135774  0.741022
11.48
0.0795027  0.168196 -0.982542 -0.194274
-0.314586  0.939526  0.135377 -0.177197
 0.945894  0.298332  0.127607  0.743555
11.5
0.0764483  0.169109 -0.982628 -0.196182
-0.315232  0.939061  0.137086  -0.17719
  0.94593  0.299276  0.125098  0.744336
11.52
0.0733038  0.170588 -0.982612  -0.19826
-0.314941  0.938805  0.139488  -0.17833
 0.946276   0.29924  0.122543  0.744909
11.56
 0.065666  0.171353 -0.983019 -0.202762
-0.314592  0.938459   0.14257 -0.178523
 0.946953  0.299888  0.115531  0.746544
11.62
0.0551806   0.17221 -0.983513 -0.209023
-0.314621  0.937835   0.14656 -0.177689
 0.947612  0.301347  0.105931  0.748132
11.64
0.0521827  0.172473 -0.983631 -0.211241
-0.314526  0.937683   0.14773 -0.177324
 0.947813  0.301669  0.103178  0.748793
11.66
0.0490032  0.172932 -0.983714 -0.213515
-0.314529   0.93746  0.149132 -0.177215
 0.947982  0.302098  0.100331  0.749416
11.68
0.0456296   0.17338 -0.983797 -0.215893
-0.314626  0.937197  0.150574 -0.177014
 0.948118  0.302658 0.0973136  0.750084
11.7
0.0425093  0.174145 -0.983802 -0.217887
-0.314751  0.936886   0.15224 -0.176648
 0.948222  0.303181 0.0946387  0.750303
11.76
0.0339486  0.177205 -0.983588 -0.224897
-0.315418  0.935757  0.157701  -0.17531
 0.948345  0.304888 0.0876613  0.752416
11.78
0.0313317  0.177857 -0.983557 -0.227407
-0.315955  0.935344  0.159074 -0.174988
 0.948257  0.305776 0.0855007  0.753289
11.8
0.0324337  0.177483 -0.983589 -0.230452
-0.316813  0.935184  0.158302 -0.172648
 0.947933   0.30648 0.0865606  0.751481
11.82
0.0301752   0.17796 -0.983575 -0.232946
-0.316496  0.935092  0.159478 -0.172436
 0.948114  0.306486 0.0845402  0.752096
11.84
0.0277436  0.178235 -0.983597 -0.235509
-0.316164  0.935027  0.160516 -0.172151
 0.948299  0.306525 0.0822924  0.752838
11.86
0.0250578  0.178433 -0.983633 -0.238141
-0.316328  0.934799  0.161516 -0.171903
 0.948319  0.307104 0.0798674  0.753536
11.88
0.0221591  0.178646 -0.983664 -0.240778
-0.316936  0.934412  0.162562 -0.171751
 0.948188  0.308156 0.0773252  0.754409
11.92
0.0170672  0.178833 -0.983731 -0.245933
-0.317712  0.933852  0.164253 -0.171678
 0.948034  0.309739 0.0727555  0.755591
12
0.00638838   0.178578  -0.983905  -0.256506
 -0.318087   0.933182   0.167307  -0.171874
   0.94804   0.311898  0.0627649   0.757884
12.04
0.00110933   0.178573  -0.983926  -0.261865
 -0.316119   0.933533   0.169071  -0.172248
  0.948719    0.31085   0.057486   0.758904
12.06
-0.00188291    0.178434    -0.98395   -0.264562
  -0.315632    0.933548    0.169898   -0.172292
    0.94888    0.310886   0.0545618    0.759606
12.08
-0.00442547    0.177728    -0.98407    -0.26672
   -0.31656    0.933221    0.169968   -0.171291
   0.948562    0.312269   0.0521315    0.759062
12.1
-0.00856385    0.177202   -0.984137   -0.269142
  -0.317547    0.932749    0.170713   -0.171282
   0.948204    0.313972   0.0482822    0.759508
12.12
-0.0128075   0.176686  -0.984184  -0.271942
 -0.318758   0.932191     0.1715  -0.171259
  0.947749   0.315913  0.0443812   0.760024
12.14
-0.0167081   0.176323  -0.984191  -0.274645
 -0.319973   0.931621   0.172337  -0.171304
  0.947279   0.317794  0.0408529   0.760399
12.16
-0.0203213   0.176048  -0.984172  -0.277511
 -0.320313   0.931342   0.173212  -0.171252
  0.947094   0.318763  0.0374644   0.760964
12.18
-0.0234327   0.175818  -0.984144  -0.280315
 -0.320015   0.931298   0.173997  -0.171272
  0.947123   0.319018  0.0344416   0.761427
12.2
-0.0263189     0.1756   -0.98411  -0.283133
 -0.319432   0.931361    0.17473  -0.171309
  0.947244   0.318955  0.0315798   0.761877
12.22
-0.029087  0.175558 -0.984039 -0.286013
-0.318842  0.931401  0.175592  -0.17143
 0.947362   0.31886 0.0288836  0.762174
12.28
-0.0380214   0.175201  -0.983798  -0.294353
 -0.316339   0.931766    0.17816  -0.171658
  0.947884   0.317987  0.0199957    0.76263
12.3
-0.0412741   0.175265  -0.983656  -0.297497
 -0.315491   0.931841   0.179271  -0.171892
   0.94803   0.317734  0.0168337   0.763074
12.32
-0.0442689   0.175193  -0.983538  -0.300495
 -0.314996   0.931837   0.180162  -0.172117
   0.94806   0.317786  0.0139337   0.763502
12.34
-0.0471027   0.175108  -0.983422  -0.303725
 -0.314931   0.931699   0.180982  -0.172315
  0.947945   0.318235  0.0112614   0.763975
12.36
-0.0524225   0.175145  -0.983146  -0.304823
 -0.314892   0.931375   0.182713  -0.173633
  0.947679   0.319163 0.00632669   0.765965
12.38
-0.0553605   0.175301  -0.982957  -0.308002
 -0.315003   0.931124   0.183798  -0.174369
  0.947475    0.31981 0.00367282   0.766461
12.4
-0.0580062   0.175068  -0.982846  -0.311237
