1.04167
    0.985139    0.0569343    -0.162049    0.0467261
  -0.0542393     0.998307    0.0210101 -0.000761605
     0.16297   -0.0119084     0.986559  -0.00895669
1.08333
    0.981694    0.0611573    -0.180381    0.0502294
  -0.0578689     0.998049    0.0234416 -0.000296264
    0.181463    -0.012574     0.983317   -0.0126948
1.125
     0.97887    0.0669244    -0.193222    0.0517455
  -0.0631488     0.997675    0.0256405 -2.62174e-06
    0.194488    -0.012897      0.98082    -0.014568
1.16667
    0.976424     0.071961    -0.203513     0.052861
  -0.0677323      0.99732     0.027677 -2.89171e-06
    0.204959     -0.01324     0.978681   -0.0148917
1.20833
    0.973216    0.0777263    -0.216353    0.0556112
  -0.0729079     0.996882    0.0301765 -0.000213587
    0.218024   -0.0135944     0.975849    -0.013875
1.375
   0.966214   0.0857867   -0.243047    0.052253
 -0.0792709    0.996185   0.0364821 -0.00424745
    0.24525  -0.0159829    0.969328 -0.00318651
1.41667
   0.964998   0.0854576   -0.247942   0.0508379
 -0.0785189    0.996197   0.0377587 -0.00671705
   0.250226   -0.016969    0.968039  0.00410427
1.45833
  0.963775  0.0859839  -0.252477  0.0493185
-0.0784806   0.996126  0.0396595   -0.01018
  0.254909 -0.0184083    0.96679  0.0131834
1.5
  0.961561  0.0901687  -0.259366  0.0478197
-0.0821501   0.995751  0.0416137 -0.0116009
  0.262016 -0.0187072   0.964882   0.018043
1.54167
  0.960313  0.0917321  -0.263407   0.044381
-0.0829237   0.995567  0.0443904 -0.0145338
  0.266311  -0.020786   0.963663  0.0253773
1.58333
  0.959675  0.0915942  -0.265773  0.0395205
-0.0816498   0.995492  0.0482519 -0.0188385
  0.268995 -0.0246058   0.962827  0.0359262
1.625
  0.958339  0.0931797  -0.270006  0.0351624
 -0.081982   0.995251  0.0524826 -0.0222897
  0.273614 -0.0281605   0.961427  0.0420808
1.66667
  0.957222  0.0942754  -0.273566  0.0308674
-0.0824512   0.995108  0.0544295 -0.0252833
  0.277359 -0.0295452   0.960312  0.0505903
1.70833
  0.956432  0.0949819  -0.276074  0.0259468
 -0.083124   0.995055  0.0543687 -0.0294059
  0.279873 -0.0290516   0.959597  0.0616536
1.75
  0.955868  0.0959383  -0.277692  0.0211464
-0.0841113    0.99498  0.0542231 -0.0319169
    0.2815 -0.0284731   0.959139  0.0698617
1.79167
  0.955946  0.0965702  -0.277204  0.0161285
-0.0845504   0.994899  0.0550208 -0.0345533
  0.281104 -0.0291592   0.959234  0.0788228
1.83333
  0.956639  0.0954624  -0.275187 0.00943338
-0.0838588   0.995032  0.0536566 -0.0372757
  0.278942 -0.0282532   0.959892  0.0875502
1.875
  0.957762  0.0948919  -0.271454 0.00427433
-0.0834197   0.995076  0.0535209 -0.0396982
  0.275196 -0.0286157   0.960962  0.0979043
1.91667
     0.95937    0.0942776    -0.265934 -0.000814522
  -0.0832959     0.995151    0.0523022   -0.0416117
    0.269575    -0.028026     0.962571     0.107867
1.95833
   0.960861    0.093107   -0.260915 -0.00618873
 -0.0824341    0.995261   0.0515799   -0.044394
   0.264481  -0.0280528    0.963983    0.118118
2
  0.961887  0.0917286  -0.257604 -0.0106354
-0.0814743   0.995409  0.0502261 -0.0467861
  0.261029 -0.0273238   0.964944   0.127783
2.04167
  0.962624   0.090781  -0.255173 -0.0144396
-0.0806869   0.995496  0.0497742 -0.0489901
  0.258542 -0.0273247   0.965614   0.137979
2.29167
  0.960873   0.090333  -0.261845 -0.0330797
-0.0792088   0.995461   0.052754 -0.0670913
  0.265422 -0.0299495   0.963667   0.206196
2.33333
  0.959829  0.0926948  -0.264833 -0.0330754
-0.0812972   0.995242  0.0537031 -0.0693298
  0.268551 -0.0300156   0.962798   0.212442
2.375
  0.959486  0.0908001  -0.266724 -0.0354483
-0.0789037   0.995363  0.0550084 -0.0759445
  0.270482 -0.0317342   0.962202   0.227162
2.41667
  0.958567  0.0930376  -0.269248  -0.036957
-0.0812568   0.995197   0.054599 -0.0796093
  0.273034 -0.0304586   0.961522   0.239705
2.5
  0.956751  0.0968454  -0.274316 -0.0422984
-0.0851993   0.994895  0.0540856  -0.087561
  0.278154 -0.0283748   0.960117   0.264178
2.54167
  0.955807  0.0987147  -0.276926 -0.0457802
-0.0873316   0.994759  0.0531737 -0.0937884
  0.280724 -0.0266394   0.959419   0.278565
2.58333
  0.954606   0.100155  -0.280529 -0.0488141
-0.0900562   0.994746   0.048695   -0.09746
  0.283932 -0.0212212    0.95861   0.291022
2.625
  0.953243   0.102791  -0.284186 -0.0516442
-0.0934246   0.994547  0.0463559  -0.101238
  0.287401 -0.0176385   0.957648    0.30276
2.66667
  0.952246   0.104447   -0.28691 -0.0561975
  -0.09513   0.994389  0.0462638  -0.105888
  0.290133 -0.0167608    0.95684   0.314647
2.70833
  0.951375   0.107857  -0.288534 -0.0608183
-0.0976581   0.993985  0.0495567  -0.112139
  0.292144 -0.0189693   0.956186   0.326796
2.75
  0.950031   0.110463  -0.291957 -0.0646545
 -0.100172   0.993712  0.0500116   -0.11575
  0.295646 -0.0182665   0.955123   0.336017
2.79167
  0.948763   0.112714  -0.295204 -0.0691283
 -0.102291   0.993468   0.050569  -0.119337
  0.298975 -0.0177814   0.954095   0.346037
2.83333
  0.947585    0.11468  -0.298213 -0.0743317
 -0.103989   0.993243  0.0515283  -0.122634
  0.302107 -0.0178165   0.953107   0.354888
2.875
  0.946838   0.119659   -0.29863 -0.0820433
 -0.108449    0.99264  0.0538938  -0.126127
  0.302881 -0.0186425   0.952846   0.366048
2.91667
  0.945691    0.12112  -0.301661 -0.0882381
 -0.109588   0.992458  0.0549276  -0.128881
  0.306039  -0.018886   0.951832   0.374719
3
  0.944196    0.12394  -0.305177  -0.102619
 -0.112366   0.992128  0.0552748  -0.132914
  0.309626 -0.0178988    0.95069     0.3934
3.04167
  0.943847    0.12513  -0.305771  -0.110987
  -0.11379   0.991997  0.0547069  -0.134447
   0.31017 -0.0168412   0.950532   0.404176
3.08333
 0.945109  0.127074 -0.301032 -0.121833
-0.115944  0.991752 0.0546337 -0.135845
 0.305492 -0.016732  0.952048  0.415123
3.125
  0.947239   0.126246   -0.29462  -0.131811
 -0.115393    0.99185  0.0540119  -0.138115
  0.299037 -0.0171651   0.954087   0.428682
3.16667
 0.949175  0.125495 -0.288649 -0.145213
-0.114544  0.991917 0.0545927 -0.141511
 0.293167 -0.018755  0.955877  0.441753
3.20833
  0.951637   0.125202  -0.280555  -0.159879
 -0.114869   0.991963  0.0530432  -0.143773
  0.284942 -0.0182507   0.958371   0.462616
3.25
  0.955461   0.123532  -0.268018  -0.177637
  -0.11368   0.992154  0.0520324  -0.147534
  0.272343 -0.0192467   0.962008   0.481762
3.33333
  0.963932   0.122041   -0.23652    -0.2121
  -0.11387   0.992338  0.0479578  -0.150818
   0.24056 -0.0192956   0.970442   0.525375
3.375
 0.967064  0.120674 -0.224107 -0.229614
-0.112924  0.992485 0.0471324 -0.154646
 0.228111 -0.020273  0.973424  0.543618
3.41667
  0.970108   0.120982  -0.210365  -0.251224
 -0.114363   0.992491  0.0433945  -0.152219
  0.214036 -0.0180394   0.976659    0.55777
3.45833
  0.973686   0.120359  -0.193519  -0.268295
 -0.114525    0.99257  0.0411005  -0.152579
  0.197028 -0.0178561   0.980235   0.577142
3.5
   0.9768  0.118245  -0.17855 -0.286481
-0.113102  0.992827 0.0387544 -0.153547
 0.181852 -0.017661  0.983167  0.593743
3.54167
  0.979046    0.11734  -0.166432  -0.304313
 -0.112486   0.992914  0.0383288   -0.15251
   0.16975 -0.0188044   0.985308   0.606682
3.58333
  0.980769   0.116304  -0.156731   -0.32014
 -0.111531   0.992998  0.0389404  -0.152707
  0.160163 -0.0207111   0.986873    0.61574
3.75
  0.984355   0.109339  -0.138168  -0.370781
 -0.104196   0.993585  0.0439437  -0.159809
  0.142087 -0.0288596   0.989433   0.649603
3.79167
  0.985351   0.106082  -0.133525   -0.38253
 -0.101031   0.993907  0.0440684  -0.161979
  0.137387 -0.0299326   0.990065   0.654357
3.83333
  0.986235   0.103356  -0.129069  -0.394675
-0.0984937   0.994185   0.043523  -0.163706
  0.132817 -0.0302114    0.99068   0.662916
3.875
  0.987226   0.100141  -0.123925  -0.406697
-0.0955531   0.994519  0.0424394  -0.165107
  0.127496 -0.0300558   0.991384   0.673367
3.91667
  0.988579  0.0963143  -0.115911  -0.422236
-0.0920309    0.99488  0.0417672  -0.168466
  0.119341 -0.0306227   0.992381   0.683029
3.95833
  0.990303  0.0930623  -0.103148  -0.434904
-0.0893971   0.995208  0.0396146  -0.168769
   0.10634 -0.0300093   0.993877    0.69841
4
  0.991942  0.0873815  -0.091738  -0.447616
-0.0840756   0.995684  0.0393102  -0.172674
  0.094777 -0.0312805   0.995007   0.709545
4.04167
  0.992706  0.0844407 -0.0860468  -0.460862
-0.0813717   0.995937  0.0385769   -0.17452
 0.0889546 -0.0312938   0.995544    0.72039
4.08333
  0.993353  0.0813352 -0.0814558  -0.474594
-0.0785435   0.996227  0.0369141  -0.176314
 0.0841509 -0.0302709   0.995993   0.730156
4.125
  0.993972  0.0785773 -0.0764597  -0.488564
-0.0760263   0.996466   0.035726  -0.178497
 0.0789967 -0.0296976   0.996432   0.739971
4.16667
  0.994913  0.0730709  -0.069346  -0.502879
-0.0707175   0.996853  0.0358096  -0.185025
 0.0717444 -0.0307234    0.99695   0.750419
4.20833
  0.996108  0.0672938 -0.0569193  -0.517941
-0.0652863   0.997202   0.036423  -0.190632
 0.0592111 -0.0325652   0.997714   0.765416
4.25
  0.997209  0.0628925 -0.0402225  -0.533491
-0.0615371   0.997522  0.0340916  -0.192912
  0.042267 -0.0315213   0.998609    0.78216
4.29167
  0.998072   0.057125 -0.0242785  -0.548201
-0.0562864   0.997838  0.0339251  -0.197788
  0.026164 -0.0324932   0.999129   0.797346
4.33333
  0.998491  0.0535327 -0.0122234  -0.562281
-0.0531141   0.998065  0.0323317  -0.200605
 0.0139305 -0.0316337   0.999402   0.811067
4.375
   0.998716   0.0506516 0.000553119   -0.577448
  -0.050645    0.998254   0.0303851   -0.202735
0.000986899  -0.0303741    0.999538    0.824527
4.41667
  0.998894  0.0453741    0.01235  -0.591174
-0.0457419   0.998462  0.0313345  -0.207818
-0.0109093 -0.0318648   0.999433    0.83405
4.45833
   0.99881  0.0429337    0.02315  -0.607034
-0.0436208   0.998596  0.0300399   -0.20896
-0.0218278 -0.0310139   0.999281   0.845469
4.5
  0.998591  0.0375633  0.0374744  -0.623641
-0.0387665   0.998739  0.0319143  -0.214957
-0.0362284 -0.0333221   0.998788   0.857433
4.58333
  0.997309  0.0328554  0.0655426  -0.653943
-0.0348239   0.998969  0.0291203  -0.216568
-0.0645183 -0.0313243   0.997425   0.884882
4.625
  0.996463  0.0273491  0.0794599  -0.669282
 -0.029966   0.999041  0.0319303  -0.223504
-0.0785104 -0.0341984   0.996327   0.896271
4.70833
   0.99371  0.0236413    0.10946  -0.700649
-0.0269439   0.999222  0.0287916  -0.223004
 -0.108694 -0.0315598   0.993574   0.924715
4.75
  0.992176  0.0188001    0.12342  -0.717879
-0.0227152    0.99928  0.0303918  -0.227319
  -0.12276 -0.0329576   0.991889   0.937395
4.79167
  0.990785  0.0168125   0.134395  -0.734727
-0.0209738   0.999342  0.0296069  -0.227229
 -0.133809 -0.0321529   0.990485   0.948592
4.83333
  0.988874  0.0128575     0.1482  -0.750935
 -0.017596   0.999374  0.0307073  -0.230892
 -0.147713 -0.0329734   0.988481   0.962046
4.91667
  0.982636  0.0063802   0.185435  -0.788365
-0.0119138   0.999516  0.0287421  -0.233989
 -0.185162 -0.0304523   0.982236   0.993802
4.95833
   0.978692   0.0034256    0.205304   -0.806968
-0.00949077    0.999547   0.0285649   -0.235944
  -0.205113  -0.0299048    0.978281     1.01196
5
   0.975104 -0.00446662    0.221703   -0.825767
 -0.0025083    0.999511   0.0311691   -0.245339
  -0.221734  -0.0309492    0.974616     1.02566
5.04167
   0.972469  -0.0078481    0.232898   -0.844773
0.000391084    0.999486   0.0320473   -0.248936
   -0.23303  -0.0310739    0.971973      1.0392
5.08333
  0.969702 -0.0139618    0.24389  -0.862816
0.00585511   0.999407  0.0339325  -0.255858
 -0.244219 -0.0314764   0.969209    1.05102
5.125
  0.967111 -0.0180292   0.253716  -0.880448
0.00957714   0.999358   0.034509   -0.25955
 -0.254175 -0.0309441   0.966663    1.06296
5.16667
   0.96394 -0.0227956   0.265142  -0.895262
 0.0139929   0.999288  0.0350416  -0.263285
 -0.265752 -0.0300679   0.963572     1.0768
5.20833
  0.959344 -0.0268438    0.28096  -0.909985
 0.0174118     0.9992  0.0360139  -0.265799
 -0.281702 -0.0296577   0.959044    1.09431
5.25
  0.955302 -0.0330881   0.293775  -0.924017
 0.0225527   0.998978  0.0391781   -0.26962
 -0.294771 -0.0308015   0.955071    1.10778
5.29167
  0.951642 -0.0381188   0.304835  -0.937999
 0.0259723   0.998702  0.0438041  -0.273428
 -0.306109 -0.0337686   0.951397    1.12024
5.33333
  0.947743 -0.0430531   0.316117  -0.951087
 0.0293902   0.998421  0.0478647  -0.276337
 -0.317679 -0.0360727   0.947512    1.13487
5.375
  0.944721 -0.0464269   0.324571  -0.963368
 0.0323495   0.998292  0.0486377  -0.278254
 -0.326275 -0.0354493    0.94461    1.14926
5.45833
   0.93686 -0.0529124   0.345679  -0.987245
 0.0376534   0.998003  0.0507139  -0.283061
 -0.347672 -0.0344958   0.936981      1.181
5.5
  0.935312 -0.0549966   0.349525  -0.998399
 0.0395029   0.997901  0.0513085  -0.284237
 -0.351613 -0.0341822   0.935521    1.19239
5.54167
  0.934152 -0.0564964   0.352374     -1.011
 0.0409571   0.997838   0.051406  -0.284899
 -0.354516 -0.0335888   0.934446    1.20312
5.58333
  0.930413 -0.0594453    0.36166   -1.02138
 0.0435742   0.997702  0.0518903  -0.288251
 -0.363913 -0.0325204   0.930865    1.22003
5.625
  0.926257 -0.0623442   0.371701   -1.03208
 0.0463132   0.997577  0.0519104  -0.290919
 -0.374037 -0.0308677     0.9269    1.23681
5.66667
  0.922953 -0.0651458    0.37936   -1.04251
 0.0486049   0.997409  0.0530288  -0.294872
 -0.381832 -0.0305043   0.923728     1.2537
5.91667
  0.901399 -0.0865298   0.424255   -1.09927
   0.06817   0.995969  0.0582966  -0.327988
 -0.427589  -0.023627   0.903664     1.3519
5.95833
  0.897466 -0.0912406   0.431544   -1.10913
 0.0724391   0.995576   0.059844  -0.333565
 -0.435095 -0.0224473   0.900105    1.36659
6
  0.894012 -0.0936356   0.438149    -1.1187
 0.0749403   0.995393  0.0598123  -0.336527
 -0.441731 -0.0206379    0.89691    1.37957
6.125
  0.875795  -0.104831   0.471162   -1.14411
 0.0844428   0.994353  0.0642769  -0.349191
  -0.47524 -0.0165071   0.879702    1.43117
6.16667
 0.865978 -0.108186   0.48824  -1.14884
0.0875163  0.994038 0.0650373 -0.351937
-0.492365 -0.013592  0.870283   1.45012
6.20833
 0.855302 -0.111784  0.505928  -1.15516
0.0905847  0.993672 0.0664119 -0.355111
 -0.51015 -0.010973  0.860016   1.47152
6.25
   0.843768   -0.115812    0.524065    -1.16011
  0.0944446    0.993244   0.0674346   -0.359797
  -0.528333 -0.00740408    0.849005      1.4929
6.29167
    0.828511    -0.119563      0.54706     -1.16817
    0.099695     0.992827    0.0660016    -0.364696
   -0.551027 -0.000143891     0.834487      1.51787
6.33333
  0.817235  -0.121583   0.563333   -1.17633
  0.104125   0.992556  0.0631646  -0.368656
  -0.56682 0.00703704   0.823812    1.54002
6.375
  0.80619 -0.124177  0.578479  -1.18423
 0.107191  0.992202 0.0636018  -0.37296
-0.581866 0.0107324  0.813214   1.56225
6.41667
 0.791052 -0.128037    0.5982  -1.18994
 0.110714  0.991669 0.0658464 -0.377072
-0.601647 0.0141414  0.798637   1.58661
6.45833
 0.775111 -0.132784  0.617715  -1.19612
 0.115361  0.990975 0.0682639 -0.382517
-0.621205 0.0183484  0.783434   1.61234
6.5
 0.765119 -0.135419  0.629488  -1.20197
 0.118115  0.990563 0.0695302  -0.38632
-0.632962 0.0211532  0.773893   1.63162
6.54167
 0.750379 -0.140347  0.645936  -1.20589
 0.122213  0.989809 0.0730893 -0.391945
-0.649611  0.024097  0.759885   1.65627
6.58333
 0.734888 -0.146696  0.662133   -1.2092
  0.12655  0.988839 0.0786229 -0.396437
-0.666277  0.026014  0.745251   1.67833
6.625
 0.721598 -0.150453  0.675767  -1.21231
 0.129062  0.988223 0.0822032 -0.399415
-0.680176 0.0278981  0.732518   1.70011
6.66667
 0.710402 -0.154455  0.686639  -1.21274
 0.132403  0.987531 0.0851542 -0.403749
 -0.69123 0.0304191  0.721995     1.718
6.70833
 0.696607  -0.16042  0.699289  -1.21452
 0.136072  0.986532 0.0907657 -0.407752
-0.704432 0.0319254  0.709054   1.73908
6.75
 0.685285 -0.166966  0.708877  -1.21564
 0.139401   0.98544 0.0973444 -0.412189
-0.714809 0.0321098  0.698582   1.75537
6.79167
 0.674034 -0.170631  0.718723  -1.21682
  0.14231  0.984725  0.100321 -0.415938
-0.724863 0.0346617  0.688021   1.77469
6.83333
  0.66361 -0.173356  0.727715  -1.21744
  0.14492  0.984142  0.102288 -0.418986
-0.733907 0.0375812  0.678209   1.79281
6.875
 0.656697 -0.176861  0.733123  -1.21856
 0.147858   0.98344  0.104804 -0.422845
-0.739518 0.0395732  0.671972   1.80784
6.91667
 0.650139 -0.179444  0.738322  -1.21949
 0.149941  0.982904  0.106855 -0.424988
-0.744874 0.0412337   0.66593   1.82349
7.45833
 0.609298 -0.201215  0.766987  -1.23142
 0.177333  0.977347  0.115528 -0.465092
-0.772858 0.0656213  0.631177   1.93046
7.54167
 0.570853 -0.212471  0.793085  -1.24723
 0.191303  0.973771   0.12318 -0.499581
-0.798455 0.0814015  0.596526    2.0257
7.58333
 0.523241 -0.208895  0.826185  -1.26599
 0.202943  0.972143  0.117271 -0.514841
-0.827667  0.106307  0.551059   2.12567
7.625
 0.505378 -0.215056  0.835669  -1.31123
 0.199512  0.971326   0.12931 -0.540364
-0.839516  0.101376  0.533793   2.19757
7.66667
 0.468439  -0.21141  0.857829    -1.346
 0.197272  0.971464   0.13169 -0.557094
 -0.86119  0.107537  0.496777   2.31187
7.70833
 0.429564 -0.208587  0.878616  -1.37966
  0.19798   0.97104  0.133734 -0.573317
-0.881067  0.116501   0.45842   2.41556
7.75
 0.384471 -0.210259  0.898873  -1.39118
 0.194211  0.970346  0.143909 -0.594272
-0.902477  0.119243  0.413904   2.53759
7.79167
  0.32841 -0.208141  0.921317  -1.42539
 0.189359  0.970124  0.151669 -0.614092
-0.925359   0.12465  0.358012   2.68694
7.83333
 0.285243 -0.207496  0.935725  -1.40135
 0.189274  0.969254  0.157234 -0.620426
-0.939581  0.132259  0.315747   2.77917
7.875
 0.231493 -0.204123  0.951181  -1.39926
 0.185344  0.969085  0.162857 -0.630527
-0.955018  0.138595  0.262169    2.9048
7.91667
 0.180066 -0.199822  0.963145  -1.38667
 0.181738   0.96905   0.16707  -0.63733
 -0.96672  0.144957  0.210808   3.02579
7.95833
 0.151991 -0.187611  0.970413  -1.36424
 0.174793  0.971447  0.160434 -0.622784
-0.972803  0.145237  0.180444   3.11972
8
 0.134908 -0.179618  0.974442  -1.34789
 0.170607  0.972956  0.155724 -0.613197
 -0.97606  0.145238  0.161904   3.18152
8.04167
 0.090831 -0.172136  0.980877  -1.31688
 0.170285  0.973127  0.155008 -0.615712
  -0.9812  0.152949  0.117702   3.28984
8.08333
 0.108209 -0.170557  0.979388  -1.32522
 0.175868  0.972919  0.149999 -0.618549
-0.978448  0.156011  0.135274    3.3074
8.125
 0.101458 -0.170008  0.980206   -1.3177
 0.179882  0.972185  0.149998 -0.627994
-0.978442  0.161103  0.129218   3.35577
8.16667
 0.107096 -0.175395  0.978656  -1.32504
 0.185859  0.970497  0.153594 -0.649186
-0.976723  0.165443  0.136535   3.38146
8.33333
0.0345851 -0.169754  0.984879  -1.26496
 0.192784  0.968094  0.160091  -0.68564
-0.980632  0.184332 0.0662076   3.68592
8.375
0.0374981 -0.164935  0.985591  -1.25888
 0.190904  0.969303  0.154945 -0.670046
-0.980892  0.182343 0.0678337   3.70314
8.41667
0.0229165 -0.158013  0.987171  -1.23272
 0.191934  0.969757   0.15077 -0.662201
 -0.98114  0.186017 0.0525516   3.77142
8.45833
0.0189024 -0.162349  0.986552  -1.21555
 0.195311  0.968318  0.155606 -0.680548
-0.980559  0.189743 0.0500121   3.79967
8.5
0.00368733  -0.162603   0.986685   -1.18937
   0.19611   0.967649   0.158733  -0.693131
 -0.980575   0.192914  0.0354562    3.85724
8.54167
0.00130923  -0.163409   0.986558   -1.15794
  0.199229   0.966823   0.159876  -0.702816
 -0.979952   0.196342  0.0338216    3.88082
8.58333
-0.0133545  -0.161734   0.986744    -1.1251
  0.200349   0.966387   0.161109  -0.711858
 -0.979634   0.199844  0.0194975    3.93258
8.625
-0.0189127  -0.162222   0.986573   -1.10383
  0.202842   0.965606   0.162663  -0.724645
 -0.979029   0.203195  0.0146432    3.96866
8.66667
 -0.0356859   -0.162347    0.986088    -1.06015
    0.20349    0.964864    0.166217   -0.738602
  -0.978426    0.206591 -0.00139591     4.01577
8.70833
-0.0471649    -0.1655   0.985081   -1.02534
   0.20678   0.963199   0.171724  -0.763445
  -0.97725   0.211794 -0.0112071    4.05617
8.75
-0.0686501  -0.165299   0.983851  -0.971101
  0.208874    0.96194   0.176193   -0.77918
  -0.97553   0.217597 -0.0315104    4.09943
8.79167
 -0.083591   -0.17121   0.981682  -0.931291
  0.210846   0.959787   0.185345  -0.810852
 -0.973939   0.222477 -0.0441307    4.13344
8.83333
-0.0981996  -0.171308   0.980311  -0.889861
  0.213017   0.958622   0.188857  -0.829582
 -0.972101   0.227368 -0.0576448    4.17452
8.875
  -0.10873  -0.172065   0.979067  -0.851566
  0.216809    0.95709   0.192281  -0.847121
  -0.97014   0.233177 -0.0667587     4.2021
8.91667
 -0.121822  -0.171593   0.977607  -0.813255
  0.218174   0.956224   0.195027  -0.858504
 -0.968277   0.237047 -0.0790516    4.23883
8.95833
 -0.135365  -0.174181   0.975365  -0.777682
  0.220448   0.954455   0.201042  -0.878273
  -0.96596   0.242231 -0.0908022    4.27217
9
-0.149211 -0.173851  0.973402 -0.736957
  0.22091   0.95368  0.204191 -0.891626
-0.963813  0.245502 -0.103894   4.30829
9.04167
-0.163499 -0.172943  0.971267 -0.695814
  0.22134  0.952985  0.206948 -0.903971
-0.961393  0.248816 -0.117533   4.34376
9.08333
-0.174904 -0.174738  0.968956 -0.659717
 0.222899  0.951547  0.211833  -0.92164
-0.959023   0.25303  -0.12748   4.36737
9.125
 -0.19086 -0.173958   0.96608 -0.615817
 0.222427  0.950909  0.215169 -0.931554
-0.956085  0.255949 -0.142798   4.39649
9.16667
 -0.20676 -0.176196  0.962395 -0.571244
 0.220187  0.950038  0.221238 -0.945137
-0.953293   0.25765 -0.157634   4.42139
9.20833
-0.226059  -0.17735  0.957833 -0.522484
 0.218879  0.948895  0.227353 -0.955992
-0.949205  0.261045 -0.175688   4.44359
9.25
-0.245792 -0.178427  0.952759 -0.472074
  0.21632  0.948027  0.233347 -0.964927
-0.944877  0.263455  -0.19442   4.46643
9.29167
-0.263528 -0.177582  0.948165 -0.421901
 0.214175  0.947606  0.237005 -0.967154
-0.940575  0.265531 -0.211687   4.49122
9.33333
-0.281177 -0.178067  0.942991 -0.375678
 0.210043  0.947389  0.241527 -0.972054
-0.936387   0.26598 -0.228983   4.51276
9.375
-0.300076 -0.178465  0.937073 -0.323511
 0.207248  0.946682  0.246661 -0.980462
 -0.93113  0.268223  -0.24709   4.53229
9.41667
-0.318961 -0.177962   0.93091 -0.269462
 0.205019  0.946002  0.251094 -0.989024
-0.925328  0.270943 -0.265252   4.55415
9.45833
-0.331366 -0.176661  0.926816 -0.224863
 0.204517   0.94551  0.253346 -0.995952
 -0.92107    0.2735  -0.27718   4.57632
9.5
-0.347505 -0.176657  0.920887 -0.176166
 0.203179  0.944574  0.257873   -1.0031
-0.915401  0.276717 -0.292352   4.59988
9.54167
-0.359716 -0.177932  0.915939  -0.12728
 0.203155  0.943163  0.263005  -1.01421
-0.910677  0.280685 -0.303123   4.62273
9.58333
 -0.372072  -0.181872   0.910211 -0.0805376
  0.202658   0.941041   0.270874   -1.02705
  -0.90581   0.285246  -0.313277     4.6416
9.625
 -0.388035  -0.179385   0.904019 -0.0308756
  0.202315   0.940372   0.273439   -1.03387
 -0.899165   0.289001  -0.328605    4.66284
9.66667
-0.398674   -0.1762  0.900007 0.0174982
 0.204768  0.939492  0.274636  -1.04063
 -0.89394  0.293783 -0.338471   4.67992
9.70833
-0.403636 -0.174806  0.898065 0.0622306
 0.207106  0.938641  0.275788   -1.0529
-0.891171  0.297313 -0.342666   4.69935
9.75
-0.412696 -0.174688  0.893961  0.103957
 0.205535  0.938266  0.278231  -1.05648
-0.887376  0.298565 -0.351314   4.71245
9.79167
-0.424325 -0.172809  0.888867   0.14765
 0.205622  0.937589  0.280441  -1.06114
-0.881855  0.301769 -0.362309   4.72521
9.83333
-0.430715 -0.171023  0.886135  0.187088
 0.206756  0.937067  0.281348  -1.06835
-0.878485  0.304395 -0.368249   4.73721
9.875
-0.436457  -0.17128  0.883271  0.224321
 0.204857  0.937009  0.282928  -1.06969
-0.876093   0.30443 -0.373876   4.74483
9.95833
-0.455287 -0.167663  0.874416  0.308003
 0.203481  0.936523  0.285519    -1.074
-0.866781   0.30792  -0.39227    4.7584
10
-0.461265  -0.16756  0.871297  0.346283
 0.202462   0.93622  0.287229  -1.07934
-0.863854  0.308893 -0.397921   4.75979
10.0417
 -0.46847 -0.164893  0.867955  0.387196
 0.201438  0.936615  0.286661  -1.07786
-0.860208  0.309131 -0.405561   4.76416
10.0833
-0.474785 -0.163087   0.86486  0.428217
 0.201256  0.936524  0.287086  -1.08171
-0.856782  0.310362 -0.411825    4.7674
10.125
-0.477958 -0.161996  0.863315  0.466215
 0.202505  0.936049  0.287757  -1.08665
-0.854721  0.312361 -0.414587   4.76922
10.1667
-0.478704 -0.161713  0.862955  0.503815
 0.204544  0.935304  0.288736  -1.09766
-0.853817  0.314732 -0.414657   4.77141
10.2083
-0.477681 -0.159864  0.863866  0.540345
 0.206133   0.93546  0.287096  -1.10319
-0.854008  0.315212 -0.413898   4.77162
10.25
-0.479211 -0.159689   0.86305  0.579283
 0.207411  0.934856  0.288141  -1.11164
-0.852841  0.317086 -0.414872   4.76886
10.2917
-0.481419 -0.157597  0.862206  0.618703
 0.207773  0.935145   0.28694  -1.11621
-0.851508  0.317281 -0.417452   4.76524
10.3333
 -0.48543 -0.156041  0.860238  0.660347
 0.209101  0.934665  0.287537  -1.12373
-0.848902  0.319456 -0.421086   4.75909
10.375
-0.487317  -0.15417  0.859508  0.700073
 0.210189  0.934642  0.286818  -1.12905
-0.847551   0.32043 -0.423063   4.75392
10.4167
-0.486761 -0.153795   0.85989  0.734905
 0.212715  0.933879  0.287441  -1.13798
 -0.84724  0.322827 -0.421862   4.75166
10.4583
-0.484335 -0.154912  0.861059  0.767532
 0.214056  0.933304  0.288313    -1.144
-0.848292  0.323954 -0.418872   4.75093
10.5
-0.483686 -0.155664  0.861288  0.801081
 0.215521  0.932574  0.289581  -1.14966
-0.848292  0.325692 -0.417524   4.74962
10.5417
-0.485153 -0.158087   0.86002  0.832734
 0.215989  0.931382  0.293048  -1.15411
-0.847334  0.327928 -0.417718   4.74691
10.5833
-0.487959 -0.158013  0.858445  0.866272
 0.216623  0.930788  0.294462  -1.16013
-0.845559  0.329644 -0.419958   4.74233
10.625
-0.489659 -0.159079   0.85728  0.895029
 0.216877  0.930093  0.296465  -1.16466
-0.844511  0.331091 -0.420928   4.73875
10.6667
-0.490128 -0.160322   0.85678  0.924085
 0.217387  0.929397  0.298269  -1.16933
-0.844107  0.332443 -0.420671   4.73438
10.7083
-0.493251 -0.162127  0.854645  0.955316
 0.217312  0.928362   0.30153  -1.17294
-0.842306  0.334454 -0.422683   4.72858
10.75
-0.498015 -0.164279  0.851465  0.986492
 0.215651  0.927583  0.305097  -1.17504
-0.839926  0.335563 -0.426524   4.72276
10.7917
-0.502471 -0.164947  0.848714   1.01774
 0.215743   0.92666  0.307824  -1.17874
-0.837244  0.337777 -0.430034   4.71612
10.8333
-0.507278 -0.166343  0.845576   1.04905
 0.213607  0.926306  0.310371   -1.1811
 -0.83489  0.338065 -0.434362   4.70874
10.875
-0.512632 -0.167317  0.842148   1.08121
 0.213015  0.925381   0.31352   -1.1847
-0.831765   0.34011 -0.438739   4.70188
10.9167
-0.518654 -0.167548  0.838406   1.11359
  0.21212  0.924735  0.316022  -1.18721
-0.828253  0.341749 -0.444078   4.69382
10.9583
-0.525555 -0.167651  0.834078   1.14552
 0.209936  0.924518   0.31811  -1.19169
-0.824451  0.342287 -0.450689   4.68668
11
-0.537259 -0.166981  0.826723   1.18163
 0.205375  0.924801  0.320256  -1.19397
-0.818031  0.341849 -0.462564   4.67484
11.0417
-0.550984 -0.164496  0.818143   1.22062
 0.203431   0.92433  0.322848  -1.19807
 -0.80934   0.34432 -0.475828   4.66245
11.1667
-0.589704 -0.158723  0.791869   1.32862
 0.198368  0.921994   0.33253  -1.20857
-0.782879  0.353176 -0.512218   4.62493
11.2083
-0.599824  -0.15648  0.784682   1.35902
 0.198381  0.920986  0.335306  -1.21362
-0.775149  0.356791 -0.521386   4.61527
11.25
-0.605506 -0.155278  0.780546   1.38602
 0.199062  0.920055  0.337452   -1.2181
-0.770544  0.359706 -0.526188   4.60445
11.2917
-0.612255 -0.154174  0.775484   1.41477
 0.199096  0.919137  0.339923  -1.22064
-0.765183  0.362515 -0.532051   4.59384
11.3333
-0.623114 -0.151983  0.767222   1.44435
 0.197933  0.918365  0.342679  -1.22186
-0.756671  0.365387 -0.542163   4.58182
11.375
-0.630487  -0.15072  0.761426   1.47014
 0.199172  0.916707  0.346379  -1.22519
-0.750211  0.370042 -0.547953   4.57019
11.4167
-0.637802  -0.14878  0.755693   1.49573
 0.199283  0.915875  0.348511  -1.22776
-0.743972  0.372878 -0.554498   4.55843
11.4583
-0.646225 -0.147037  0.748848   1.52199
 0.198282  0.915213  0.350812  -1.22884
-0.736938  0.375187 -0.562278   4.54697
11.5
-0.653821 -0.144769  0.742671   1.54777
 0.197482  0.914857  0.352189  -1.22987
-0.730424  0.376933 -0.569563   4.53532
11.5417
-0.656866 -0.143694  0.740189   1.56979
 0.198476  0.914101   0.35359  -1.23287
-0.727416  0.379171 -0.571922   4.52374
11.5833
 -0.66065 -0.142258  0.737092    1.5925
  0.19901   0.91356  0.354687  -1.23472
-0.723835  0.381013 -0.575233   4.51228
11.625
-0.665709 -0.140503  0.732864   1.61369
 0.198035  0.913632  0.355048  -1.23626
-0.719453  0.381492 -0.580389   4.50082
11.6667
-0.670873 -0.138522   0.72852   1.63536
 0.197667  0.913454  0.355711  -1.23825
-0.714743  0.382641  -0.58543    4.4881
11.7083
-0.674938 -0.137226  0.725002   1.65588
 0.197466  0.913125  0.356664  -1.24199
-0.710961   0.38389 -0.589206   4.47582
11.7917
-0.681303 -0.135624  0.719327   1.69637
 0.196857  0.912536  0.358504  -1.24986
-0.705034  0.385855 -0.595015   4.45026
11.8333
-0.684188 -0.133928  0.716903   1.71418
 0.196024   0.91305   0.35765  -1.25122
-0.702468   0.38523 -0.598445   4.43913
11.875
-0.686845 -0.131992  0.714718   1.73268
  0.19611  0.913241  0.357116  -1.25365
-0.699846  0.385447  -0.60137   4.42724
11.9167
 -0.69013 -0.130565   0.71181   1.75107
 0.195836  0.913198  0.357376  -1.25534
-0.696684  0.386034 -0.604656   4.41552
11.9583
-0.693536 -0.129259  0.708731   1.76856
 0.195285  0.913209  0.357649  -1.25587
-0.693449  0.386447 -0.608101    4.4042
12
 -0.69717 -0.129058  0.705193   1.78524
 0.194089   0.91295   0.35896   -1.2553
-0.690133  0.387126 -0.611433   4.39283
12.0417
-0.702313 -0.128307   0.70021    1.8023
 0.192532  0.912728  0.360359  -1.25391
-0.685338  0.387898 -0.616318   4.38191
12.0833
-0.707144 -0.127498   0.69548   1.81843
 0.191738  0.912175  0.362178  -1.25312
-0.680576  0.389462 -0.620593   4.37144
12.125
-0.712232 -0.127384  0.690289   1.83418
 0.189786  0.911824  0.364085  -1.25156
-0.675801   0.39032 -0.625254   4.35997
12.2917
-0.729184 -0.116706  0.674292   1.87871
 0.177636  0.919292  0.351208  -1.22107
 -0.66086  0.375874 -0.649602   4.29123
12.3333
-0.737183 -0.113709  0.666057   1.89196
 0.174505  0.920259  0.350246  -1.21647
 -0.65277  0.374425 -0.658556   4.27551
12.375
-0.748913 -0.107419  0.653904    1.9106
 0.170667  0.922221  0.346961  -1.21114
-0.640314  0.371443  -0.67233   4.26338
12.4167
-0.758298 -0.105115  0.643378   1.92669
 0.166893  0.922724  0.347459  -1.20931
-0.630184  0.370852 -0.682156    4.2488
12.4583
-0.758362 -0.105192   0.64329   1.93001
 0.161746  0.925658  0.342045  -1.20263
-0.631447  0.363444  -0.68497   4.22994
12.5
-0.767284 -0.102242  0.633104   1.94328
 0.154646  0.928579   0.33738  -1.19584
-0.622382  0.356774 -0.696673   4.21372
12.5417
 -0.78283 -0.101422  0.613914   1.96455
 0.145163  0.929634  0.338685   -1.1934
-0.605065  0.354251 -0.713023   4.19978
12.5833
 -0.798226 -0.0970397    0.59449    1.98542
  0.137001   0.931825   0.336055   -1.18955
 -0.586571   0.349694  -0.730512    4.18624
12.625
 -0.810051 -0.0964585   0.578372    1.99869
  0.126394   0.934464    0.33287   -1.18519
 -0.572575   0.342744  -0.744771    4.17392
12.6667
 -0.815062 -0.0957867   0.571401    2.00565
  0.122001    0.93575    0.33089   -1.18286
 -0.566383   0.339408  -0.751008    4.15843
12.7083
 -0.830299 -0.0925561   0.549579    2.02356
  0.113381   0.937438   0.329172   -1.17957
 -0.545663   0.335623   -0.76786    4.14608
12.7917
 -0.843753 -0.0889587   0.529308    2.04616
  0.105331   0.939549   0.325811   -1.17587
 -0.526294   0.330657  -0.783378    4.12394
12.8333
 -0.856595 -0.0840251   0.509103    2.06572
 0.0972211   0.942698   0.319168   -1.17014
 -0.506748   0.322893  -0.799341    4.11267
12.875
  -0.86416 -0.0793554    0.49692    2.07849
  0.100047   0.940681   0.324206   -1.17322
 -0.493171   0.329881   -0.80496    4.10762
12.9167
 -0.865552 -0.0785613   0.494619    2.08579
  0.099372   0.941043   0.323362   -1.17191
 -0.490862   0.329038  -0.806715    4.09835
12.9583
 -0.871044 -0.0759334     0.4853    2.09758
  0.099395   0.940295   0.325525   -1.17194
 -0.481043   0.331783  -0.811491    4.09001
13
 -0.877418 -0.0747812   0.473863    2.10892
 0.0971742   0.939593    0.32821    -1.1704
 -0.469782   0.334024  -0.817149    4.08054
13.0417
 -0.886188 -0.0720489    0.45769    2.12309
 0.0943931   0.939043   0.330588   -1.16827
 -0.453609   0.336166  -0.825367    4.07031
13.0833
  -0.89078 -0.0697003   0.449058    2.13306
 0.0955186   0.937374   0.334971   -1.16707
 -0.444283   0.341279  -0.828337    4.06118
13.125
 -0.899626 -0.0672255   0.431456    2.14469
 0.0938896   0.935188   0.341481   -1.16462
 -0.426449   0.347714  -0.835007    4.05035
13.2083
 -0.913999 -0.0649732    0.40048    2.16302
  0.087362    0.93242   0.350657   -1.16052
 -0.396199   0.355486  -0.846555    4.02585
13.25
 -0.923153 -0.0588931   0.379895    2.17398
 0.0858743   0.931635   0.353103   -1.15922
 -0.374718   0.358592  -0.854984    4.01316
13.2917
 -0.929713 -0.0553539   0.364101    2.18298
 0.0830649   0.931648    0.35374   -1.15902
 -0.358795   0.359121  -0.861568    4.00059
13.3333
 -0.938712 -0.0507049   0.340952    2.19176
 0.0768069   0.933487    0.35029   -1.15748
 -0.336035   0.355009  -0.872381    3.98638
13.375
 -0.945813 -0.0493701   0.320935    2.19784
 0.0690454   0.935193   0.347343    -1.1566
 -0.317285   0.350681  -0.881109    3.97163
13.4167
 -0.952756 -0.0464934   0.300157    2.20449
 0.0621016   0.937521   0.342342   -1.15608
  -0.29732   0.344808  -0.890341    3.95768
13.4583
  -0.95823 -0.0415539   0.282962    2.21054
 0.0605943   0.937429   0.342862   -1.15806
 -0.279505   0.345687  -0.895755    3.94414
13.5
 -0.963993 -0.0361918   0.263452    2.21811
 0.0596168   0.936067   0.346735    -1.1617
 -0.259158   0.349956  -0.900204    3.93288
13.5417
 -0.968421 -0.0310016   0.247385     2.2251
  0.059184   0.935292   0.348892   -1.16552
 -0.242194   0.352515  -0.903922     3.9236
13.5833
 -0.972707 -0.0262043   0.230553    2.23278
 0.0577697   0.934967   0.349998   -1.16866
 -0.224731   0.353764  -0.907935    3.91503
13.625
-0.976445 -0.022532  0.214587   2.24015
0.0549607  0.935753  0.348347  -1.17099
-0.208649  0.351935 -0.912473   3.90807
13.6667
  -0.97914 -0.0185246    0.20234    2.24751
 0.0542909   0.935776    0.34839   -1.17468
 -0.195799   0.352107   -0.91525    3.90221
13.75
  -0.983811 -0.00944708    0.178958     2.26372
  0.0536784    0.937225    0.344569    -1.18166
  -0.170979    0.348597   -0.921546     3.89459
13.7917
  -0.986434 -0.00389293    0.164114     2.27357
  0.0537239    0.937011    0.345144    -1.18523
   -0.15512    0.349278    -0.92409     3.89118
13.8333
 -0.988254 0.00300569   0.152793    2.28238
 0.0562249   0.936832    0.34523   -1.18936
 -0.142103   0.349766  -0.925997    3.88996
13.875
-0.990946   0.01141  0.133774   2.29431
0.0573319  0.936932  0.344777  -1.19233
-0.121404  0.349325 -0.929103   3.88722
13.9167
-0.992819 0.0199429  0.117952   2.30477
0.0600095  0.935997  0.346854  -1.19595
-0.103485  0.351442 -0.930473   3.88725
13.9583
 -0.995068   0.031012   0.094218    2.31719
 0.0620028   0.935894   0.346781     -1.198
-0.0774237   0.350913  -0.933202    3.88614
14
 -0.997033  0.0393222  0.0661804    2.32814
 0.0600204   0.935407   0.348442   -1.19948
-0.0482041   0.351381  -0.934991    3.88555
14.0833
 -0.998359  0.0544659   0.017682    2.35061
 0.0571893   0.932545   0.356495   -1.20538
0.00292758   0.356922   -0.93413    3.88944
14.125
 -0.997654  0.0669667 -0.0141893    2.36522
 0.0574496   0.931807    0.35838   -1.20674
 0.0372212   0.356724  -0.933468    3.88953
14.2917
-0.990018 0.0966921 -0.102542   2.41905
0.0500085   0.92121  0.385838   -1.2178
  0.13177  0.376858  -0.91685   3.90621
14.3333
 -0.98806  0.104928  -0.11282   2.42706
0.0526974  0.918242  0.392498  -1.22194
  0.14478  0.381866 -0.912807   3.91591
14.375
-0.983877   0.11555 -0.136509   2.43829
0.0530912  0.917562  0.394031  -1.22285
 0.170786   0.38043 -0.908903   3.91834
14.4583
-0.977904  0.131266 -0.162704   2.46034
0.0556833  0.913726  0.402497  -1.22735
 0.201501  0.384544 -0.900846   3.92988
14.5
 -0.97585  0.141503 -0.166414   2.46614
0.0622835   0.91044  0.408924  -1.23181
 0.209374  0.388684 -0.897267   3.94486
14.5417
-0.972316  0.150164 -0.179035    2.4752
0.0636011  0.907322  0.415599  -1.23398
  0.22485  0.392706 -0.891754   3.95308
14.5833
-0.970275  0.157471 -0.183764   2.48321
0.0677552  0.905735  0.418394  -1.23434
 0.232327  0.393507 -0.889481   3.96553
14.625
-0.966657  0.164672 -0.196108   2.49148
0.0686618   0.90445  0.421018  -1.23401
   0.2467  0.393515 -0.885599   3.97276
14.7083
-0.959257   0.17799 -0.219423    2.5084
  0.06736  0.898297  0.434195  -1.23752
 0.274389  0.401724 -0.873687   3.99079
14.75
 -0.95454  0.183411 -0.234977   2.51533
 0.063788  0.895716  0.440027  -1.23869
 0.291179  0.405034 -0.866696   4.00196
14.875
-0.938752  0.192924 -0.285527   2.53145
0.0464026  0.891814  0.450016  -1.24417
 0.341456  0.409205 -0.846144   4.04407
14.9583
 -0.93014  0.201972  -0.30667   2.54465
0.0435817  0.889964  0.453944  -1.24905
 0.364609  0.408866 -0.836594   4.07377
15
-0.929331  0.203592 -0.308049   2.54937
0.0424796  0.887671  0.458514  -1.25457
 0.366796  0.413026 -0.833589   4.09442
15.0417
-0.924643  0.208983 -0.318372   2.55749
0.0414662  0.886262  0.461324  -1.25906
  0.37857  0.413359 -0.828142   4.10802
15.0833
-0.920824  0.213144 -0.326577   2.56527
0.0398452  0.884463  0.464906  -1.26486
 0.387938  0.415084 -0.822928   4.12106
15.125
-0.917435  0.217542  -0.33315   2.57362
0.0388791  0.882306  0.469067  -1.27199
 0.395983  0.417386 -0.817916   4.13454
15.1667
 -0.91455  0.220742 -0.338928   2.58349
0.0380551   0.88119  0.471228   -1.2786
  0.40268  0.418063 -0.814293    4.1458
15.2083
-0.912539  0.223759 -0.342351     2.594
0.0381597  0.879995  0.473447  -1.28659
 0.407205  0.418975 -0.811569   4.15829
15.25
-0.911192    0.2263 -0.344263   2.60606
0.0386657  0.878915  0.475409  -1.29484
 0.410163  0.419878  -0.80961   4.17031
15.2917
-0.909987  0.228604 -0.345923   2.61843
0.0393722  0.878153  0.476757  -1.30189
 0.412762  0.420223 -0.808109   4.18094
15.3333
-0.908916   0.23127 -0.346966   2.63205
0.0407122  0.877339  0.478141  -1.30842
 0.414986  0.420464 -0.806843   4.19135
15.375
-0.907357  0.233249 -0.349711    2.6451
0.0403775  0.876446  0.479805  -1.31482
 0.418416  0.421234 -0.804667   4.20131
15.4167
-0.904889  0.235813 -0.354355   2.65927
0.0397768  0.875715  0.481187  -1.32142
 0.423784  0.421326 -0.801805    4.2116
15.4583
-0.902377  0.237989 -0.359272   2.67601
 0.039919  0.876257  0.480187  -1.32712
 0.429094  0.418968 -0.800215   4.22251
15.5
-0.900153  0.239929 -0.363536   2.69313
0.0391224  0.875776   0.48113  -1.33269
 0.433813  0.418868 -0.797719     4.234
15.5417
-0.897121  0.242308 -0.369405   2.71219
0.0392407  0.876567  0.479678  -1.33669
 0.440038  0.415834 -0.795895   4.24598
15.5833
 -0.89423  0.244517 -0.374919   2.73266
0.0382072  0.876246  0.480347   -1.3422
 0.445974  0.415216 -0.792907   4.25647
15.625
-0.890376  0.248841 -0.381194   2.75634
0.0408328  0.877654  0.477552  -1.34631
 0.453391  0.409636 -0.791603   4.26938
15.6667
 -0.88733  0.251787 -0.386327   2.77981
0.0405527  0.877136  0.478527  -1.35424
 0.459348  0.408945  -0.78852   4.28164
15.7083
-0.881928  0.257007  -0.39516   2.80452
0.0419661  0.877775  0.477232   -1.3593
 0.469513    0.4043  -0.78492   4.28818
15.7917
-0.875195  0.263913 -0.405442   2.85567
0.0416964  0.876121  0.480284  -1.37491
  0.48197  0.403437 -0.777781   4.31425
15.8333
-0.869226  0.270629 -0.413771   2.88045
0.0445246  0.876337  0.479637  -1.37801
 0.492406   0.39849 -0.773784   4.31956
15.875
 -0.86626  0.273911 -0.417812   2.90661
0.0448622  0.875573  0.480998  -1.38547
 0.497575  0.397926 -0.770762   4.33332
15.9167
-0.862963  0.276673 -0.422785   2.93224
0.0440254  0.874746  0.482578  -1.39116
 0.503346  0.397833 -0.767054   4.34705
15.9583
-0.860416   0.27694 -0.427771   2.95696
0.0365183  0.870789  0.490299  -1.40091
 0.508281   0.40624 -0.759354    4.3549
16
 -0.85711  0.279615  -0.43264   2.97788
0.0351612  0.869658    0.4924   -1.4074
