

3.33333
  0.907659  -0.123181  -0.401226    0.40069
  0.109119   0.992346  -0.057811  0.0639573
  0.405276 0.00869135   0.914153  -0.291699
3.45833
  0.917937  -0.101325  -0.383569   0.399087
 0.0924194   0.994849 -0.0416312  0.0342493
  0.385812 0.00276554   0.922573   -0.23237
3.5
  0.916233  -0.121342  -0.381828   0.389844
  0.106879   0.992523 -0.0589497  0.0577724
  0.386126  0.0132024   0.922351  -0.233276
3.54167
  0.915729  -0.122226  -0.382755   0.388636
  0.108601   0.992444 -0.0570955  0.0562229
  0.386842  0.0107166   0.922084  -0.222738
3.58333
  0.916114  -0.120417  -0.382407   0.387235
  0.107491   0.992679 -0.0550762  0.0540771
  0.386239 0.00935076   0.922351  -0.211159
3.70833
  0.913638  -0.115497  -0.389777   0.384127
   0.10391    0.99329 -0.0507615  0.0496324
  0.393024 0.00587603   0.919509  -0.184692
3.79167
  0.912566   -0.11508  -0.392402   0.381461
  0.103826   0.993345 -0.0498607   0.046288
  0.395528 0.00475954   0.918441  -0.167551
3.83333
  0.911545  -0.115811  -0.394556   0.380631
  0.104533   0.993262 -0.0500417  0.0445842
  0.397692 0.00437104   0.917508  -0.159206
3.875
  0.910636  -0.115475  -0.396746   0.380415
  0.103986   0.993299 -0.0504281  0.0424813
  0.399911 0.00466543   0.916542  -0.153807
3.91667
  0.911027    -0.1144   -0.39616   0.378937
  0.102784   0.993421 -0.0505061  0.0403216
  0.399331 0.00529362   0.916791  -0.144583
3.95833
  0.913151  -0.114995  -0.391064   0.377048
  0.103891   0.993355 -0.0495128  0.0378478
   0.39416 0.00458447    0.91903  -0.133504
4
  0.914849  -0.116628  -0.386588   0.374786
  0.105813   0.993167 -0.0492207  0.0359721
  0.389687 0.00412346   0.920938  -0.122335
4.04167
  0.914164  -0.116158  -0.388345   0.373645
   0.10522   0.993221 -0.0493962  0.0343022
   0.39145 0.00429474   0.920189  -0.113241
4.08333
  0.912167  -0.117063  -0.392743   0.373951
  0.105233   0.993108 -0.0516028  0.0332363
  0.396077 0.00574093   0.918199  -0.105977
4.125
  0.912262  -0.115272  -0.393052   0.370477
  0.103272   0.993313 -0.0516217  0.0298706
  0.396374 0.00650118   0.918066 -0.0981504
4.16667
  0.912005  -0.115129  -0.393689   0.369235
  0.102656   0.993321  -0.052675  0.0276181
  0.397124  0.0076253   0.917733 -0.0883641
4.20833
  0.913099  -0.116124  -0.390851   0.367628
  0.103837   0.993208 -0.0525038   0.026451
  0.394293 0.00735622   0.918955 -0.0768224
4.25
  0.916107   -0.11466   -0.38419   0.366294
  0.102864   0.993377 -0.0511874  0.0232359
  0.387515 0.00737362   0.921834 -0.0652662
4.29167
  0.918937  -0.114311  -0.377477   0.364415
  0.103035    0.99342  -0.050005  0.0204902
  0.380709   0.007058   0.924668 -0.0542938
4.33333
  0.919925  -0.114838  -0.374899    0.36332
  0.103134   0.993348 -0.0512108  0.0199162
  0.378287 0.00844523    0.92565 -0.0436281
4.375
  0.920546  -0.115763  -0.373087     0.3628
  0.103139   0.993217 -0.0536969  0.0184557
  0.376772  0.0109508   0.926241 -0.0342594
4.41667
  0.921497  -0.115548    -0.3708   0.361863
  0.102965   0.993238 -0.0536269  0.0168665
   0.37449  0.0112377   0.927163 -0.0256498
4.5
   0.922859   -0.112631   -0.368302     0.36124
   0.100076    0.993563  -0.0530817   0.0136653
    0.37191   0.0121286     0.92819 -0.00873371
4.54167
   0.924777   -0.111119   -0.363923    0.360047
  0.0988557    0.993731  -0.0522164   0.0118066
   0.367444   0.0123126    0.929964 0.000546923
4.625
  0.926939  -0.108691  -0.359124   0.358841
 0.0969958   0.994004 -0.0504834 0.00850812
  0.362458  0.0119615   0.931923  0.0126861
4.66667
  0.928885  -0.105732  -0.354954   0.357281
  0.093669   0.994294 -0.0510511 0.00677581
  0.358327  0.0141724   0.933489  0.0237591
4.70833
  0.929983  -0.104074  -0.352563   0.356971
 0.0923053   0.994471 -0.0500809 0.00488519
  0.355825   0.014031   0.934447  0.0313884
4.75
  0.930837  -0.102107  -0.350879   0.356573
 0.0907321   0.994681 -0.0487554  0.0033566
  0.353991  0.0135474   0.935151  0.0374459
4.79167
  0.930928 -0.0988581  -0.351567   0.356051
 0.0874449   0.995001 -0.0482381 0.00236955
  0.354578  0.0141635   0.934919  0.0441769
4.875
   0.933445  -0.0962315   -0.345571    0.354866
  0.0852005    0.995254  -0.0470085 0.000674856
   0.348454   0.0144371    0.937215   0.0536714
4.91667
    0.934524   -0.0945994    -0.343098     0.355123
   0.0833931     0.995393   -0.0473066 -0.000497105
    0.345992    0.0155972     0.938108    0.0604269
5
   0.938005  -0.0935359   -0.333764    0.352084
  0.0824425    0.995474  -0.0472821 -0.00206453
   0.336675   0.0168345     0.94147   0.0676613
5.04167
    0.93706  -0.0914701   -0.336974    0.352268
  0.0800582    0.995651  -0.0476387 -0.00246683
   0.339866   0.0176628    0.940308   0.0710465
5.08333
   0.936685  -0.0889521   -0.338687    0.352065
  0.0770233    0.995848  -0.0485291 -0.00257618
   0.341598   0.0193696    0.939647   0.0736194
5.125
   0.935455  -0.0873359   -0.342485    0.352347
  0.0747294    0.995957  -0.0498615 -0.00205249
   0.345455   0.0210495    0.938199   0.0761119
5.16667
   0.935823  -0.0893274   -0.340963    0.350211
  0.0770993    0.995805  -0.0492764 -0.00332089
   0.343934    0.019826    0.938785   0.0733217
5.29167
   0.937417  -0.0868905   -0.337192    0.348527
  0.0770574    0.996122   -0.042464 -0.00502999
   0.339574   0.0138233    0.940478   0.0813348
5.375
   0.936817  -0.0781084   -0.340987    0.350344
   0.069302    0.996874   -0.037951 -0.00500307
   0.342885   0.0119221    0.939302   0.0922342
5.5
   0.935597  -0.0691896   -0.346224    0.348675
  0.0612048    0.997547  -0.0339574 -0.00648466
   0.347725   0.0105799    0.937537   0.0984194
5.54167
   0.933296  -0.0670684   -0.352791    0.348175
  0.0594532    0.997705  -0.0323907 -0.00696265
   0.354153   0.0092556    0.935142   0.0953225
5.58333
    0.93397  -0.0642747   -0.351522    0.345646
   0.056857    0.997889  -0.0313955 -0.00675134
   0.352798  0.00933601    0.935653   0.0932557
5.625
    0.93023    -0.08252    -0.35758    0.344749
  0.0743116    0.996561  -0.0366612 -0.00836439
   0.359375  0.00753099    0.933163   0.0969686
5.70833
  0.926763 -0.0834305  -0.366264   0.345082
 0.0751138   0.996491 -0.0369271 -0.0120226
  0.368059 0.00671126   0.929778   0.101957
5.75
   0.929574  -0.0587979   -0.363916    0.344138
  0.0504643    0.998201  -0.0323752 -0.00973288
   0.365165   0.0117304    0.930869    0.107532
5.79167
  0.928477 -0.0581081  -0.366816   0.343402
 0.0494386   0.998232 -0.0329941 -0.0109167
  0.368084  0.0124994   0.929708   0.109652
5.83333
   0.92714 -0.0577109  -0.370243   0.342906
 0.0486274   0.998244 -0.0338297 -0.0119505
  0.371545  0.0133609   0.928319   0.110747
5.875
  0.925767 -0.0569059  -0.373787   0.343365
 0.0475291   0.998282 -0.0342635 -0.0125902
  0.375094  0.0139543   0.926882    0.11081
5.91667
  0.923614 -0.0613543  -0.378383   0.342974
 0.0510359   0.998002 -0.0372485 -0.0119641
  0.379912  0.0150921   0.924899   0.110093
5.95833
  0.922074 -0.0614167  -0.382108    0.34317
 0.0503168   0.997972 -0.0389848 -0.0107549
  0.383728  0.0167204   0.923295   0.110126
6
  0.920036 -0.0627825  -0.386772   0.343437
 0.0511954   0.997879 -0.0401987 -0.0112797
  0.388476  0.0171833   0.921299   0.109775
6.04167
  0.918147 -0.0655855  -0.390775   0.344161
 0.0535879   0.997699 -0.0415404 -0.0116305
  0.392601  0.0171993   0.919548   0.109584
6.08333
  0.915894 -0.0681509  -0.395592    0.34548
 0.0560617   0.997541 -0.0420553 -0.0125242
  0.397485  0.0163406   0.917463   0.110279
6.125
  0.918544 -0.0650951  -0.389923   0.344205
  0.053851   0.997759 -0.0397122 -0.0124412
  0.391634  0.0154796   0.919991   0.109379
6.16667
   0.92206 -0.0640135  -0.381716   0.342611
 0.0535125   0.997841 -0.0380744 -0.0128123
  0.383329  0.0146803   0.923495   0.110956
6.20833
  0.923788 -0.0652595  -0.377301   0.342549
 0.0544834   0.997746 -0.0391765 -0.0133273
  0.379008  0.0156341   0.925261   0.117354
6.25
  0.926287 -0.0655212   -0.37108   0.343067
 0.0549772   0.997728 -0.0389344 -0.0142746
  0.372788  0.0156635   0.927784   0.120853
6.29167
  0.929465 -0.0671098  -0.362756   0.343289
 0.0559824   0.997585 -0.0411132 -0.0151709
  0.364639  0.0179054   0.930977   0.124507
6.33333
  0.930801  -0.068068  -0.359132   0.343158
 0.0556739   0.997445 -0.0447544 -0.0155267
  0.361261  0.0216632   0.932213   0.126783
6.375
   0.93069 -0.0713301  -0.358786   0.343604
 0.0584317   0.997199 -0.0466809 -0.0157467
  0.361111   0.022481   0.932252   0.125827
6.41667
  0.932529 -0.0726083  -0.353719    0.34453
 0.0602455    0.99713 -0.0458534 -0.0157519
  0.356033  0.0214497   0.934227   0.124504
6.45833
  0.933785 -0.0766346  -0.349531   0.344649
 0.0640848   0.996821 -0.0473478 -0.0156384
  0.352048   0.021813   0.935728   0.124466
6.5
  0.936064 -0.0731947  -0.344131   0.342605
 0.0610041   0.997071 -0.0461351 -0.0168168
    0.3465  0.0221921   0.937788   0.130071
6.54167
  0.937135 -0.0738991  -0.341054   0.343119
 0.0623315   0.997051 -0.0447676 -0.0172258
  0.343356  0.0206948   0.938977   0.128952
6.58333
  0.939025 -0.0761169  -0.335318   0.343056
 0.0654358   0.996927 -0.0430552 -0.0168791
  0.337565  0.0184881   0.941121   0.129464
6.625
  0.940104 -0.0766453  -0.332158   0.342891
 0.0665945   0.996914 -0.0415556 -0.0169011
  0.334318  0.0169467   0.942308   0.130076
6.66667
  0.940881 -0.0769448  -0.329882   0.343019
 0.0672793   0.996906 -0.0406354 -0.0170208
  0.331988  0.0160388   0.943147   0.130043
6.70833
  0.941848 -0.0773902  -0.327006   0.343008
 0.0689726   0.996922 -0.0372785 -0.0170701
  0.328885  0.0125561   0.944287   0.129679
6.75
  0.942379 -0.0778247  -0.325371   0.342859
 0.0707556    0.99693 -0.0335225 -0.0166189
  0.326981 0.00856906   0.944992   0.126462
6.79167
   0.94197 -0.0792021   -0.32622   0.344055
 0.0723833   0.996831 -0.0330088 -0.0171616
    0.3278 0.00748046   0.944717    0.12962
6.83333
  0.942126 -0.0790488  -0.325808    0.34403
 0.0725283   0.996849 -0.0321321 -0.0174721
  0.327321 0.00664218    0.94489   0.130181
6.875
  0.940937 -0.0791906  -0.329191   0.344305
 0.0728237   0.996843 -0.0316475  -0.017166
  0.330658 0.00580537   0.943733   0.128779
6.91667
  0.940163 -0.0777914  -0.331727   0.343848
 0.0718729    0.99696  -0.030093 -0.0174852
  0.333059 0.00445017   0.942895   0.129076
6.95833
  0.940009 -0.0771326  -0.332316    0.34398
 0.0718054   0.997017 -0.0283008 -0.0177118
  0.333507 0.00274099   0.942744   0.128642
7
   0.940985  -0.0761383   -0.329772    0.344009
  0.0716354    0.997097  -0.0258038  -0.0181097
   0.330779 0.000657728    0.943708    0.130083
7.04167
   0.939775  -0.0753476   -0.333386    0.344123
  0.0713087    0.997157  -0.0243538  -0.0186416
   0.334273 -0.00088624    0.942476    0.131919
7.08333
   0.937841  -0.0744328    -0.33899    0.344084
  0.0705319    0.997225  -0.0238312   -0.018741
   0.339824 -0.00155979    0.940488    0.132349
7.125
   0.936869  -0.0740442    -0.34175    0.343718
  0.0699911    0.997254  -0.0241943  -0.0189064
   0.342603 -0.00125259    0.939479    0.133029
7.16667
   0.936236  -0.0722007   -0.343875    0.343899
  0.0684164    0.997388  -0.0231428  -0.0195111
   0.344648 -0.00185955     0.93873    0.134701
7.20833
   0.935506  -0.0728243   -0.345725    0.343955
  0.0688815    0.997343  -0.0236945  -0.0198692
   0.346532 -0.00164772    0.938037    0.136258
7.25
   0.935469  -0.0724678   -0.345898    0.343948
   0.068456     0.99737  -0.0238183  -0.0204376
   0.346715 -0.00139752     0.93797    0.136926
7.29167
   0.934994  -0.0749787   -0.346648    0.343796
   0.070267    0.997185  -0.0261605  -0.0203564
   0.347634 0.000101963     0.93763    0.135067
7.33333
  0.932737 -0.0740978   -0.35286   0.343534
  0.068305   0.997247  -0.028859 -0.0205498
  0.354027 0.00281571   0.935231   0.135224
7.375
  0.930064 -0.0725388  -0.360165   0.343285
 0.0658619   0.997353 -0.0307944 -0.0206768
  0.361446 0.00491957    0.93238   0.135062
7.41667
  0.928457 -0.0731437  -0.364168   0.343304
 0.0659243   0.997304 -0.0322341 -0.0205701
  0.365544 0.00592045   0.930775   0.134279
7.45833
   0.92803 -0.0738586   -0.36511   0.343419
 0.0663297   0.997247  -0.033139 -0.0207935
  0.366552 0.00653636   0.930374   0.133821
7.5
  0.927587 -0.0743766  -0.366129   0.343478
 0.0662499   0.997198 -0.0347302 -0.0211226
  0.367687 0.00795929   0.929916   0.133116
7.54167
  0.927239 -0.0748472  -0.366914   0.343335
 0.0651419   0.997122  -0.038782 -0.0215678
  0.368761  0.0120587   0.929446   0.134029
7.58333
  0.927602 -0.0761369  -0.365728   0.342521
 0.0644718   0.996948 -0.0440228 -0.0228544
  0.367964  0.0172565    0.92968   0.137523
7.625
  0.927492 -0.0771632  -0.365793   0.342391
 0.0645191   0.996824 -0.0466855 -0.0232256
  0.368233  0.0196998   0.929525   0.138099
7.66667
  0.927463 -0.0775907  -0.365776   0.342259
 0.0643653    0.99676 -0.0482341 -0.0236685
  0.368334   0.021192   0.929452   0.138939
7.70833
  0.927282 -0.0787884   -0.36598   0.342043
 0.0648027   0.996626 -0.0503641 -0.0240261
  0.368713  0.0229852   0.929259    0.13949
7.75
  0.927569 -0.0783301  -0.365349   0.341887
 0.0643309   0.996657 -0.0503545 -0.0243043
  0.368072  0.0232041   0.929508   0.139179
7.79167
  0.928191 -0.0795693  -0.363496   0.341765
 0.0657059   0.996567 -0.0503678 -0.0244111
  0.366256  0.0228672   0.930233   0.139342
7.83333
  0.929603 -0.0806866  -0.359621   0.341862
 0.0671412   0.996489  -0.050021 -0.0247162
  0.362394  0.0223543   0.931757   0.139843
7.875
  0.931382 -0.0812114  -0.354868     0.3419
 0.0681273   0.996461 -0.0492334 -0.0250833
  0.357611  0.0216789   0.933619   0.139562
7.91667
  0.933015  -0.081214  -0.350553   0.341342
 0.0684075   0.996464 -0.0487847 -0.0255931
  0.353276  0.0215364   0.935271   0.140648
7.95833
  0.935192 -0.0828628  -0.344311   0.341334
 0.0702231   0.996325 -0.0490435 -0.0258616
   0.34711  0.0216865   0.937574    0.14071
8
  0.937624  -0.081349  -0.337999   0.341603
 0.0693196   0.996462  -0.047531 -0.0260615
  0.340669  0.0211363   0.939946   0.139191
8.04167
  0.938276 -0.0854139  -0.335175   0.341395
 0.0729789   0.996102  -0.049546 -0.0266179
  0.338101  0.0220271   0.940852   0.140654
8.08333
  0.938117 -0.0865533  -0.335327    0.34123
 0.0735649   0.995972 -0.0512697  -0.026856
  0.338414  0.0234287   0.940706   0.140084
8.125
  0.938119 -0.0876985  -0.335024   0.341079
 0.0744657   0.995858 -0.0521679 -0.0270592
  0.338212  0.0239918   0.940764   0.140548
8.16667
  0.937272 -0.0879682  -0.337316   0.340636
 0.0746915   0.995841 -0.0521651 -0.0272788
  0.340502  0.0236983   0.939945   0.140507
8.20833
  0.936236 -0.0872363  -0.340371   0.340016
 0.0739854   0.995916 -0.0517441 -0.0275096
  0.343495  0.0232622   0.938866   0.140382
8.25
  0.935199 -0.0871484  -0.343232   0.339997
 0.0741018   0.995947 -0.0509723 -0.0275676
  0.346283  0.0222352   0.937867   0.139429
8.29167
  0.933026 -0.0863359  -0.349296   0.339679
 0.0732096    0.99603 -0.0506352 -0.0274079
  0.352281  0.0216722   0.935643   0.137816
8.33333
  0.932343 -0.0842681  -0.351619   0.338125
 0.0714164   0.996223 -0.0493867 -0.0280918
  0.354453   0.020934    0.93484   0.139536
8.375
  0.930382 -0.0841372  -0.356805   0.338021
 0.0712137   0.996245 -0.0492294 -0.0279817
  0.359608  0.0203928   0.932881   0.137924
8.41667
  0.928037 -0.0817037  -0.363416   0.338232
 0.0690262   0.996471 -0.0477593 -0.0278206
  0.366036  0.0192372   0.930402   0.135109
