7.45833
   0.999541  0.00355601   -0.030076    0.011646
-0.00837734    0.986798   -0.161738     0.13126
  0.0291038    0.161916    0.986375   0.0994491
7.5
   0.999497  0.00310321  -0.0315666   0.0129535
-0.00833419    0.985928   -0.166963     0.13589
  0.0306042    0.167142    0.985458    0.104126
7.54167
   0.999523  0.00231209  -0.0308023   0.0126657
-0.00741457    0.985999   -0.166589    0.135581
  0.0299858    0.166738    0.985545     0.10388
7.58333
   0.999535  0.00147059  -0.0304416   0.0128125
-0.00655281    0.985845   -0.167534    0.136671
  0.0297643    0.167656    0.985396    0.106398
7.625
   0.999561 0.000646631  -0.0296173   0.0128028
-0.00564468    0.985602   -0.168985    0.137623
  0.0290816    0.169078    0.985174    0.108612
7.66667
    0.999576 -0.000167809   -0.0291001    0.0129876
 -0.00483216     0.985144    -0.171664      0.13909
   0.0286965     0.171732     0.984726     0.111184
7.70833
   0.999606 -0.00102743  -0.0280649   0.0126441
-0.00390185    0.984557   -0.175018    0.140923
  0.0278114    0.175059    0.984165    0.113225
7.75
   0.999628 -0.00192869  -0.0272078   0.0128489
-0.00295295    0.983982   -0.178244    0.141926
  0.0271158    0.178258     0.98361    0.115618
7.79167
   0.999642 -0.00254617  -0.0266343   0.0133768
-0.00226249    0.983852    -0.17897    0.140685
  0.0266599    0.178966    0.983494    0.117647
7.83333
   0.999691 -0.00366064  -0.0245719   0.0120846
-0.00090543    0.983059   -0.183289    0.143516
  0.0248266    0.183255    0.982752    0.119228
7.875
   0.999705 -0.00303989  -0.0241047   0.0121662
-0.00145151    0.982896   -0.184154    0.143694
  0.0242522    0.184135    0.982602    0.121311
7.91667
   0.999709 -0.00175236  -0.0240426   0.0126168
-0.00270953    0.982866   -0.184301    0.143101
  0.0239536    0.184313    0.982576    0.123423
7.95833
    0.999724 -0.000787474   -0.0234599    0.0124978
 -0.00355149     0.982857    -0.184335     0.143141
   0.0232029     0.184368     0.982583     0.125373
8
    0.999726 -0.000878817   -0.0233827     0.012583
 -0.00344968      0.98284     -0.18443     0.143632
   0.0231435      0.18446     0.982567      0.12757
8.04167
   0.999715 -0.00233388  -0.0237655   0.0127323
-0.00210481    0.982727   -0.185049    0.144192
  0.0237869    0.185046    0.982442    0.129674
8.08333
   0.999701 -0.00462678  -0.0239951   0.0126504
6.44572e-05    0.982409   -0.186745    0.145184
   0.024437    0.186687    0.982115    0.131758
8.125
   0.999693 -0.00706401  -0.0237684   0.0125606
 0.00246776    0.982146   -0.188102    0.145748
  0.0246728    0.187986    0.981862    0.133646
8.16667
   0.999688 -0.00922381  -0.0232256   0.0126526
 0.00467268    0.981992   -0.188864    0.145926
  0.0245494    0.188696    0.981729    0.135497
8.20833
 0.999701 -0.010716  -0.02197   0.01237
0.0063501  0.981779 -0.189919  0.146488
0.0236049  0.189722  0.981554  0.137457
8.25
  0.999704 -0.0113943 -0.0214815  0.0127204
 0.0070848   0.981577  -0.190937   0.146831
 0.0232613   0.190729   0.981367   0.139537
8.29167
  0.999728 -0.0114883 -0.0202931  0.0124276
0.00737843   0.981354  -0.192067   0.147217
 0.0221212   0.191865   0.981172   0.141367
8.33333
  0.999737 -0.0111298  -0.020048  0.0123912
0.00705496   0.981192  -0.192905   0.147388
 0.0218179   0.192713   0.981013   0.143229
8.375
  0.999737 -0.0111502 -0.0200641  0.0119506
0.00709414   0.981388  -0.191903   0.147401
 0.0218304    0.19171   0.981209    0.14583
8.41667
  0.999713 -0.0110097  -0.021268   0.011947
0.00669976   0.981176  -0.192997   0.147844
 0.0229925   0.192799   0.980969   0.147893
8.45833
  0.999682 -0.0111095 -0.0226277   0.011894
0.00651421    0.98101  -0.193848   0.148066
 0.0243516   0.193639   0.980771   0.149899
8.5
  0.999646 -0.0110388 -0.0242239  0.0119532
 0.0061058   0.980789  -0.194978   0.148475
 0.0259109   0.194761   0.980509   0.152055
8.54167
  0.999607 -0.0109489 -0.0257877  0.0119687
0.00567886    0.98055  -0.196189   0.148909
 0.0274342   0.195965   0.980227   0.154232
8.58333
  0.999571 -0.0112497 -0.0270236  0.0116807
 0.0056471   0.979968  -0.199073   0.150733
 0.0287218   0.198835   0.979612    0.15659
8.625
  0.999519 -0.0117152  -0.028713   0.011809
0.00571958   0.979655  -0.200607   0.151214
  0.030479   0.200347   0.979251   0.158939
8.66667
  0.999468 -0.0119146 -0.0303568   0.011822
0.00552392   0.979271  -0.202481   0.151957
   0.03214   0.202206   0.978816   0.161283
8.70833
  0.999418 -0.0121232 -0.0319003  0.0115497
0.00536089    0.97894  -0.204077   0.152411
 0.0337026   0.203787   0.978435   0.163564
8.75
  0.999336 -0.0120539 -0.0343806   0.012019
0.00483309   0.979203  -0.202827   0.151223
 0.0361104   0.202526   0.978611   0.166319
8.79167
  0.999262 -0.0121144 -0.0364593  0.0120462
0.00440974   0.978879  -0.204393   0.151742
 0.0381654   0.204081    0.97821   0.168788
8.83333
   0.99918 -0.0121244 -0.0386213  0.0121292
0.00390745   0.978524  -0.206098   0.152325
 0.0402907   0.205778   0.977769   0.171386
8.875
  0.999093 -0.0121517 -0.0408094  0.0121803
 0.0034256   0.978245  -0.207425   0.152505
 0.0424422   0.207097   0.977399   0.173886
8.91667
  0.999002 -0.0117882  -0.043076   0.012296
0.00251728   0.977865  -0.209223   0.153044
 0.0445889   0.208906   0.976919   0.176567
8.95833
   0.998897  -0.0107896  -0.0457086    0.012394
0.000894831    0.977448   -0.211173    0.153841
  0.0469563    0.210899    0.976379    0.179283
9
    0.998776  -0.00967117   -0.0484972    0.0123453
-0.000896835     0.976987    -0.213298     0.154806
   0.0494439      0.21308     0.975783     0.182043
9.04167
   0.998636 -0.00895993  -0.0514348    0.012402
-0.00236042    0.976408   -0.215919    0.156182
   0.052156    0.215746    0.975056    0.185004
9.08333
   0.998505 -0.00796024  -0.0540822   0.0126235
-0.00381481    0.976782   -0.214202    0.154734
  0.0545316    0.214088    0.975291    0.187475
9.125
   0.998392 -0.00742345  -0.0561918   0.0128784
-0.00500625    0.975962   -0.217882    0.156535
  0.0564585    0.217814    0.974356    0.190532
9.16667
   0.998348 -0.00739183  -0.0569793   0.0129375
-0.00539842    0.975236   -0.221103    0.157945
  0.0572026    0.221045    0.973585    0.193238
9.20833
   0.998315 -0.00806253  -0.0574709   0.0132766
-0.00509557      0.9743   -0.225197    0.159313
  0.0578096    0.225111    0.972617    0.196329
9.25
   0.998278 -0.00937012  -0.0579094   0.0135668
-0.00420516    0.973191    -0.22996    0.160705
  0.0585116    0.229807    0.971476    0.199514
9.29167
    0.99826  -0.0102269  -0.0580772   0.0135944
-0.00364274    0.972272   -0.233823     0.16147
  0.0588581    0.233627    0.970543    0.202335
9.33333
   0.998246   -0.010264   -0.058303   0.0137979
-0.00362043    0.972427    -0.23318    0.159906
  0.0590887    0.232982    0.970684    0.204331
9.375
   0.998196  -0.0118629  -0.0588483   0.0145306
-0.00240757    0.971581   -0.236693    0.160615
  0.0599838    0.236408    0.969801     0.20727
9.41667
     0.99822   -0.0134186   -0.0581139    0.0147436
-0.000960006     0.970622    -0.240609     0.161441
   0.0596353     0.240236     0.968881     0.210128
9.45833
    0.998264   -0.0143526   -0.0571146    0.0150768
-7.72767e-05     0.969526    -0.244987     0.162434
   0.0588903     0.244566     0.967843     0.213032
9.5
   0.998348  -0.0143901  -0.0556225   0.0153398
5.19481e-05    0.968352   -0.249589    0.163394
  0.0574537    0.249174    0.966753     0.21592
9.54167
    0.998439    -0.013738   -0.0541306    0.0154971
-0.000471087     0.967165     -0.25415     0.163927
   0.0558447     0.253779     0.965649     0.218666
9.58333
   0.998481  -0.0125958  -0.0536377   0.0157269
-0.00141584     0.96733   -0.253516    0.161679
  0.0550786    0.253206    0.965843    0.219664
9.625
   0.998455   -0.011461  -0.0543691   0.0154981
-0.00271954    0.967243   -0.253837    0.161064
  0.0554974    0.253592    0.965718    0.221807
9.66667
   0.998339  -0.0109373  -0.0565596   0.0153813
-0.00376578    0.967321   -0.253527    0.161191
  0.0574842    0.253319    0.965673    0.224136
9.70833
   0.998184  -0.0108487  -0.0592517   0.0154314
-0.00444193    0.967713   -0.252014    0.161253
  0.0600727     0.25182    0.965908    0.226554
9.75
   0.998039  -0.0111282  -0.0615987   0.0155232
-0.00467747    0.968061   -0.250673    0.161849
  0.0624208    0.250469     0.96611    0.229106
9.79167
   0.997925  -0.0115787   -0.063337   0.0156268
-0.00456506    0.968498   -0.248978    0.162224
  0.0642246    0.248751    0.966436    0.231563
9.83333
   0.997853  -0.0124036  -0.0643034   0.0155343
-0.00386312    0.969041   -0.246868    0.162397
  0.0653747    0.246587    0.966913     0.23383
9.875
   0.997801    -0.01275   -0.065049    0.015496
-0.00357256    0.969557    -0.24484    0.162502
  0.0661904    0.244534    0.967379    0.236171
9.91667
   0.997768  -0.0124131   -0.065615   0.0154803
-0.00396239    0.969835   -0.243728    0.162803
  0.0666612    0.243444    0.967621    0.238615
9.95833
   0.997728  -0.0120356   -0.066294   0.0155034
-0.00450298    0.969806   -0.243838    0.163266
   0.067227    0.243582    0.967548    0.241109
10
   0.997691  -0.0118163  -0.0668836   0.0154417
-0.00492143    0.969584   -0.244708    0.163828
  0.0677408    0.244472    0.967287    0.243571
10.0417
   0.997653  -0.0120208   -0.067408    0.015458
-0.00493585    0.969282   -0.245903    0.164564
  0.0682933    0.245658    0.966948    0.246083
10.0833
   0.997672  -0.0125059   -0.067046   0.0148991
-0.00419311    0.969938   -0.243315    0.163156
  0.0680734     0.24303    0.967627    0.247012
10.125
   0.997637  -0.0134768  -0.0673777   0.0149183
-0.00338032    0.969764   -0.244022    0.163453
  0.0686291    0.243673    0.967426    0.249435
10.1667
   0.997587  -0.0149523   -0.067792   0.0149248
-0.00215747     0.96938   -0.245556    0.163666
  0.0693878    0.245109    0.967009    0.251851
10.2083
    0.997516   -0.0168583    -0.068386    0.0149214
-0.000644407     0.968708    -0.248203     0.163995
   0.0704303      0.24763     0.966291     0.254275
10.25
   0.99744 -0.0189457 -0.0689584  0.0147872
0.00102225   0.967948  -0.251149     0.1644
 0.0715063   0.250436   0.965489   0.256601
10.2917
  0.997351 -0.0208768  -0.069676   0.014786
0.00253696   0.967326  -0.253523    0.16445
 0.0726921   0.252675   0.964817   0.258918
10.3333
  0.997311 -0.0222404  -0.069835  0.0147349
0.00355868   0.966417  -0.256955   0.165096
 0.0732045   0.256015   0.963897   0.261498
10.375
  0.997321 -0.0228645 -0.0694797  0.0148067
0.00400543   0.965534  -0.260246   0.165386
 0.0730354    0.25927   0.963039   0.264003
10.4167
  0.997366 -0.0230274 -0.0687736  0.0145738
0.00416169   0.964865  -0.262712    0.16533
 0.0724069   0.261734    0.96242   0.266318
10.4583
  0.997452  -0.022644 -0.0676508   0.013864
0.00405957   0.964768  -0.263071   0.164419
 0.0712243   0.262126   0.962402    0.26805
10.5
  0.997467 -0.0226169 -0.0674458  0.0137106
0.00398459   0.964388  -0.264463   0.164391
 0.0710252   0.263525   0.962034   0.270501
10.5417
  0.997452 -0.0225278 -0.0676839  0.0135632
0.00376931   0.964143  -0.265356   0.164323
 0.0712349   0.264425   0.961772   0.272978
10.5833
  0.997408 -0.0224051 -0.0683785  0.0134243
0.00343423   0.964027  -0.265783   0.164357
 0.0718736   0.264859   0.961605   0.275501
10.625
  0.997324 -0.0227437 -0.0694874  0.0133437
0.00338862   0.963745  -0.266804   0.164795
 0.0730363   0.265855   0.961242   0.278341
10.6667
  0.997234 -0.0236291 -0.0704666   0.013153
0.00381872   0.963153  -0.268926   0.164863
 0.0742246   0.267913    0.96058   0.281188
10.7083
  0.997135 -0.0245924 -0.0715351  0.0130439
0.00435255   0.962764   -0.27031   0.164855
  0.075519   0.269224   0.960112   0.283904
10.75
  0.997048  -0.025367 -0.0724672  0.0128863
0.00480951   0.962626  -0.270793   0.164834
  0.076628   0.269645   0.959906   0.286614
10.7917
  0.996967 -0.0257665 -0.0734314  0.0126496
 0.0049016   0.962514  -0.271189   0.164909
 0.0776663   0.270007   0.959721    0.28953
10.8333
  0.996894 -0.0256937 -0.0744412  0.0125009
0.00450917    0.96235  -0.271774   0.165094
 0.0786214   0.270595   0.959478   0.292444
10.875
  0.996841 -0.0251425  -0.075341  0.0124524
0.00364582   0.962059  -0.272817   0.165608
 0.0793418    0.27168   0.959111   0.295597
10.9167
  0.996784 -0.0238703 -0.0764932  0.0129898
 0.0020586   0.961913  -0.273347   0.165859
 0.0801047    0.27231   0.958869   0.298238
10.9583
   0.996814  -0.0225146  -0.0765206    0.012821
0.000667439    0.961657   -0.274253    0.166261
  0.0797613    0.273328    0.958608    0.301353
11
   0.996835  -0.0207937  -0.0767367   0.0125585
-0.00108967    0.961528   -0.274705    0.166271
  0.0794966    0.273919    0.958462    0.304319
11.0417
   0.996818  -0.0186361  -0.0775033   0.0122688
-0.00344544    0.961305   -0.275465    0.166499
  0.0796379    0.274855    0.958182    0.307223
11.0833
   0.996744  -0.0165251  -0.0789171   0.0120684
-0.00596931    0.960962   -0.276618    0.166954
  0.0804074    0.276188    0.957734    0.310251
11.125
    0.99665   -0.015595  -0.0802904   0.0118682
-0.00740117    0.960431   -0.278418      0.1676
  0.0814554     0.27808    0.957098    0.313298
11.1667
   0.996539   -0.015962  -0.0815843   0.0116811
-0.00759873    0.959794   -0.280602    0.168344
  0.0827831     0.28025    0.956351    0.316555
11.2083
   0.996427  -0.0165465  -0.0828261   0.0113931
-0.00752397    0.959336   -0.282166    0.168574
   0.084127    0.281781    0.955783    0.319789
11.25
   0.996212   -0.016533   -0.085372   0.0125415
-0.00852719    0.958455   -0.285117    0.169672
  0.0865391    0.284765    0.954683    0.322921
11.2917
   0.996163  -0.0170577  -0.0858344    0.012522
-0.00842816    0.957561   -0.288108    0.170337
  0.0871061    0.287726    0.953743    0.326214
11.3333
   0.996176  -0.0179997  -0.0854924   0.0124683
-0.00767823    0.956723   -0.290898    0.170716
  0.0870287    0.290443    0.952927    0.329352
11.375
  0.996217 -0.0191216 -0.0847655   0.012339
-0.0066641   0.955803  -0.293933    0.17123
 0.0866395   0.293386    0.95206   0.332535
11.4167
    0.99625  -0.0202577  -0.0841127   0.0124235
-0.00563512    0.954944   -0.296732    0.171544
   0.086334    0.296094    0.951249    0.335532
11.4583
   0.996296  -0.0214931  -0.0832574   0.0123149
-0.00440202    0.954238   -0.299015    0.171634
  0.0858742    0.298274    0.950609    0.338295
11.5
   0.996304  -0.0226571  -0.0828578   0.0125822
-0.00331419     0.95373   -0.300645    0.171851
  0.0858357    0.299808     0.95013    0.340487
11.5417
   0.996282  -0.0235687  -0.0828603   0.0125676
-0.00253302    0.953417   -0.301645    0.171952
  0.0861098    0.300734    0.949813    0.343254
11.5833
   0.996242  -0.0238911   -0.083254   0.0125903
-0.00242937     0.95312   -0.302584    0.172134
  0.0865801    0.301649     0.94948    0.346121
11.625
  0.996199 -0.0237244 -0.0838132  0.0125239
-0.0028326   0.952863  -0.303388   0.172335
 0.0870602   0.302472   0.949174   0.348885
11.6667
   0.996115  -0.0234101  -0.0848958   0.0125287
-0.00354515    0.952579   -0.304271    0.172477
  0.0879929     0.30339    0.948795    0.351696
11.7083
    0.99604  -0.0232604   -0.085809   0.0123355
-0.00399995    0.952467   -0.304617    0.172531
  0.0888158    0.303754    0.948602    0.354261
11.75
   0.995921  -0.0235807  -0.0870945   0.0122739
-0.00401537    0.952708    -0.30386    0.172186
  0.0901409     0.30297    0.948727    0.356698
11.7917
   0.995762  -0.0241761  -0.0887297    0.012528
-0.00397519     0.95261   -0.304168    0.172502
  0.0918784    0.303232    0.948477    0.359532
11.8333
   0.995625  -0.0254356  -0.0899124   0.0125073
-0.00318115    0.952453   -0.304668    0.172767
  0.0933868    0.303621    0.948205    0.362129
11.875
   0.995494  -0.0265339  -0.0910347   0.0124257
-0.00253825     0.95225   -0.305308    0.173061
  0.0947889    0.304164    0.947892    0.364672
11.9167
   0.995314  -0.0271023  -0.0928215   0.0130104
-0.00255391    0.952216   -0.305416     0.17289
  0.0966636    0.304221    0.947684       0.367
11.9583
   0.995191    -0.02794  -0.0938881   0.0129881
-0.00216805    0.951943   -0.306268    0.173107
  0.0979332    0.304999    0.947304    0.369695
12
   0.995066  -0.0284126  -0.0950614   0.0130618
-0.00215771    0.951696   -0.307035    0.173295
  0.0991932    0.305725    0.946939    0.372368
12.0417
   0.994967  -0.0279874  -0.0962172   0.0130285
-0.00298868    0.951488   -0.307672    0.173468
    0.10016    0.306411    0.946615    0.375004
12.0833
   0.994871  -0.0270023  -0.0974801   0.0131136
-0.00439905    0.951248   -0.308395    0.173703
   0.101055    0.307242    0.946251    0.377665
12.125
   0.994777   -0.026039   -0.098699   0.0130956
-0.00578222    0.950989    -0.30917    0.173875
   0.101912    0.308126    0.945871    0.380326
12.1667
   0.994666  -0.0254726  -0.0999501   0.0131461
-0.00682044    0.950662   -0.310154    0.174147
   0.102919    0.309181    0.945418     0.38299
12.2083
    0.99454   -0.025102   -0.101289   0.0130945
-0.00770804    0.950315   -0.311196    0.174453
   0.104068    0.310277    0.944933    0.385664
12.25
    0.99436  -0.0243292   -0.103232   0.0130509
-0.00925522    0.949717   -0.312972    0.174778
   0.105656    0.312162    0.944135    0.388473
12.2917
   0.99408 -0.0231383  -0.106156  0.0135851
-0.0116693    0.94867  -0.316051    0.17547
   0.10802   0.315419   0.942784   0.391466
12.3333
  0.993856 -0.0222038  -0.108428  0.0136411
-0.0136213   0.947684  -0.318919   0.175829
  0.109837   0.318436   0.941559   0.394372
12.375
  0.993651 -0.0216582  -0.110403  0.0137487
-0.0151446   0.946616  -0.322006   0.176232
  0.111483   0.321634   0.940278   0.397274
12.4167
  0.993463 -0.0215746  -0.112101  0.0137482
-0.0161202   0.945627  -0.324854   0.176454
  0.113014   0.324537   0.939097   0.400123
12.4583
   0.99327 -0.0217274   -0.11377  0.0138358
 -0.016869   0.944639  -0.327679   0.176811
  0.114591   0.327393   0.937914   0.403051
12.5
  0.993089 -0.0217438  -0.115333  0.0138787
-0.0176624   0.943808  -0.330021   0.176974
  0.116028   0.329777   0.936902   0.405974
12.5417
  0.992907 -0.0218912   -0.11686  0.0139776
-0.0183045   0.943037  -0.332184   0.177132
  0.117475   0.331967   0.935948   0.408805
12.5833
  0.992749 -0.0220656  -0.118164   0.014047
-0.0188227   0.942346   -0.33411   0.177314
  0.118723   0.333912   0.935098   0.411786
12.625
  0.992614 -0.0227147  -0.119174  0.0140533
-0.0187281   0.941851  -0.335508   0.177497
  0.119865   0.335262   0.934469   0.414895
12.6667
  0.992502 -0.0233395   -0.11998  0.0138528
-0.0185994    0.94133  -0.336974   0.177701
  0.120806   0.336678   0.933838   0.417886
12.7083
  0.992382 -0.0238057  -0.120877  0.0137692
-0.0186524   0.940811  -0.338417   0.177987
  0.121779   0.338094     0.9332    0.42098
12.75
  0.992236 -0.0246158  -0.121911  0.0138382
-0.0184783   0.940162  -0.340227   0.178342
  0.122991   0.339838   0.932407   0.424219
12.7917
  0.992159 -0.0258585  -0.122276  0.0140873
-0.0177854   0.939193   -0.34293   0.179208
  0.123708   0.342416   0.931369   0.427484
12.8333
  0.992195 -0.0263736  -0.121874  0.0143765
 -0.017329   0.938729  -0.344219   0.179175
  0.123485   0.343644   0.930946   0.430555
12.875
  0.992187 -0.0264705   -0.12192  0.0148789
-0.0175597   0.937876  -0.346525   0.179627
  0.123519   0.345959   0.930084   0.433896
12.9167
  0.992235 -0.0258767  -0.121659  0.0148252
-0.0182947   0.937118  -0.348533   0.179944
  0.123028   0.348052   0.929367   0.437004
12.9583
   0.99222 -0.0250647  -0.121947  0.0148018
-0.0193735   0.936505  -0.350118   0.180067
   0.12298   0.349757   0.928734   0.440017
13
 0.992212   -0.0243 -0.122166 0.0146216
-0.020404  0.935829 -0.351863  0.180353
 0.122877  0.351616  0.928045  0.442991
13.0417
  0.992172  -0.023751  -0.122602   0.014494
-0.0213069   0.935157  -0.353592   0.180593
   0.12305   0.353436    0.92733   0.445932
13.0833
   0.99205 -0.0220554  -0.123896  0.0148449
-0.0235929   0.934469  -0.355262   0.180913
  0.123612    0.35536    0.92652    0.44889
13.125
  0.991965 -0.0201754  -0.124895   0.014898
-0.0259653   0.933721  -0.357059   0.181245
  0.123821   0.357432   0.925695   0.451814
13.1667
  0.991834 -0.0184323  -0.126194  0.0149545
-0.0283088   0.932996  -0.358771   0.181531
  0.124352   0.359414   0.924856   0.454688
13.2083
  0.991707 -0.0173927  -0.127334  0.0148808
-0.0299326   0.932292  -0.360465    0.18192
  0.124982   0.361287   0.924041   0.457506
13.25
  0.991552 -0.0167461  -0.128621   0.014793
-0.0312271   0.931643  -0.362031   0.182112
  0.125891   0.362989    0.92325   0.460252
13.2917
  0.991398 -0.0160509  -0.129896  0.0146474
-0.0325451   0.931049   -0.36344   0.182207
  0.126773   0.364541   0.922517   0.462953
13.3333
  0.991239 -0.0156786  -0.131144  0.0144439
-0.0335258   0.930541   -0.36465   0.182235
  0.127752   0.365852   0.921863   0.465662
13.375
   0.99103 -0.0147717  -0.132817  0.0145698
-0.0350458   0.930359  -0.364972   0.182339
  0.128959   0.366353   0.921496   0.468102
13.4167
  0.990875 -0.0140281  -0.134049  0.0144051
-0.0362797   0.930101  -0.365508   0.182635
  0.129807   0.367036   0.921105   0.470914
13.4583
  0.990706 -0.0141335  -0.135284  0.0142308
-0.0367982    0.92965  -0.366602    0.18297
  0.130948   0.368173    0.92049   0.473766
13.5
  0.990548 -0.0146953  -0.136379  0.0140165
-0.0368885   0.929078  -0.368039   0.183258
  0.132115   0.369591   0.919754   0.476504
13.5417
  0.990332 -0.0149901  -0.137906  0.0139534
-0.0374372   0.928374  -0.369757   0.183507
  0.133571   0.371345   0.918837   0.479277
13.5833
  0.990138 -0.0144396  -0.139346  0.0138473
 -0.038819   0.927445  -0.371939   0.183882
  0.134606   0.373681   0.917739   0.482028
13.625
  0.989911 -0.0136578  -0.141033  0.0139182
-0.0405443   0.926423  -0.374295   0.184205
  0.135768   0.376237   0.916522   0.485022
13.6667
   0.98962 -0.0135594   -0.14307   0.014167
-0.0420404   0.924675  -0.378429   0.184932
  0.137425   0.380516   0.914506   0.488058
13.7083
  0.989388 -0.0140326  -0.144616  0.0141104
-0.0428197    0.92296  -0.382508   0.185272
  0.138842   0.384641   0.912565   0.490732
13.75
  0.989215 -0.0148518  -0.145715  0.0138407
-0.0431231    0.92122  -0.386645   0.185619
  0.139978   0.388759   0.910644   0.493372
13.7917
  0.989055 -0.0155133  -0.146733  0.0134061
-0.0435579    0.91944  -0.390811   0.185966
  0.140975   0.392925     0.9087   0.496127
13.8333
  0.988794 -0.0159702  -0.148427  0.0134063
-0.0444588   0.917643  -0.394911   0.186161
   0.14251   0.397085    0.90665   0.499061
13.875
  0.988534 -0.0167011  -0.150072  0.0135764
-0.0450044   0.916108  -0.398397   0.185852
  0.144136   0.400583   0.904853   0.501857
13.9167
  0.988316 -0.0171618  -0.151446  0.0134337
-0.0458335   0.914185  -0.402697   0.186004
  0.145361   0.404934   0.902718   0.504725
13.9583
  0.988138 -0.0176297  -0.152551  0.0132219
-0.0465387   0.912294  -0.406882    0.18619
  0.146344   0.409156   0.900653    0.50749
14
  0.987963 -0.0180875  -0.153629  0.0130363
-0.0472389   0.910423  -0.410973   0.186331
  0.147301   0.413283    0.89861   0.510331
14.0417
  0.987828 -0.0185742  -0.154435  0.0129301
-0.0478494   0.908416  -0.415321   0.186612
  0.148006   0.417655    0.89647    0.51327
14.0833
  0.987598 -0.0186624  -0.155891  0.0135624
-0.0489372   0.906856  -0.418589   0.185965
  0.149183   0.421026   0.894696   0.516373
14.125
  0.987655 -0.0190902  -0.155476  0.0133851
-0.0489983   0.905088  -0.422392   0.186124
  0.148783   0.424796   0.892979   0.519206
14.1667
  0.987749  -0.020511  -0.154696  0.0132456
-0.0479173   0.903566   -0.42576   0.186295
  0.148511   0.427957   0.891514   0.522194
14.2083
  0.987843  -0.022563  -0.153812  0.0131082
-0.0461958   0.902112  -0.429021   0.186464
  0.148435   0.430911   0.890103   0.525389
14.25
  0.987965 -0.0250416  -0.152634  0.0128831
-0.0439592   0.900657  -0.432302   0.186725
  0.148297   0.433809   0.888717   0.528505
14.2917
  0.988011 -0.0277977  -0.151859  0.0129432
-0.0414784   0.899692  -0.434551   0.186393
  0.148706    0.43564   0.887752   0.531443
14.3333
  0.988183 -0.0297144   -0.15037  0.0127625
 -0.039575   0.898305  -0.437587   0.186638
   0.14808   0.438367   0.886514   0.534646
14.375
  0.988486 -0.0311755  -0.148063  0.0124142
-0.0375654   0.897344  -0.439731   0.186813
  0.146573    0.44023   0.885841   0.537765
14.4167
  0.988809 -0.0322257  -0.145665  0.0119886
-0.0356661   0.897015   -0.44056    0.18703
  0.144861   0.440825   0.885827   0.540907
14.4583
  0.988939 -0.0329037  -0.144629  0.0117182
-0.0346691   0.896796  -0.441084   0.187324
  0.144216   0.441219   0.885736    0.54435
14.5
  0.988853 -0.0327667  -0.145243  0.0113582
-0.0353102   0.896049  -0.442549   0.187316
  0.144646   0.442745   0.884904   0.547847
14.5417
  0.988576 -0.0316594  -0.147359  0.0112376
-0.0380268   0.893672  -0.447107   0.187764
  0.145846   0.447603   0.882259   0.551819
14.5833
  0.988339 -0.0305929  -0.149167    0.01108
-0.0407934   0.890607  -0.452941   0.188246
  0.146706   0.453744   0.878973   0.555385
14.625
  0.988326 -0.0307215  -0.149225  0.0108372
-0.0417403   0.887385  -0.459137    0.18889
  0.146526   0.460005   0.875743   0.558574
14.6667
  0.988455 -0.0314183  -0.148224  0.0110046
-0.0418183   0.883698  -0.466186   0.189383
  0.145632   0.467002   0.872181   0.562637
14.7083
  0.988832  -0.031537  -0.145657  0.0108407
-0.0417142   0.879719  -0.473661   0.189861
  0.143075   0.474447   0.868579    0.56618
14.75
  0.989249 -0.0315818  -0.142793    0.01042
-0.0414214   0.875913  -0.480688   0.190107
  0.140255   0.481435   0.865187   0.569444
14.7917
  0.989335 -0.0327809  -0.141918  0.0105138
-0.0408861    0.87267  -0.486597   0.190045
  0.139799    0.48721   0.862023   0.572828
14.8333
  0.989343 -0.0342168  -0.141523  0.0102996
-0.0402179   0.869957  -0.491485   0.190093
  0.139936   0.491939    0.85931   0.576201
14.875
  0.989298 -0.0362862  -0.141326  0.0100435
-0.0390385   0.867448  -0.495994   0.190288
  0.140591   0.496203   0.856748   0.579517
14.9167
  0.989271  -0.038169  -0.141021 0.00979509
-0.0378395   0.865387  -0.499674   0.190325
  0.141109   0.499649   0.854657   0.582716
14.9583
  0.989163   -0.04007  -0.141247  0.0097122
-0.0364034   0.865062  -0.500342   0.189759
  0.142236   0.500062   0.854229   0.585293
15
   0.98915 -0.0398319  -0.141403 0.00954925
-0.0366448   0.865214  -0.500061   0.189703
  0.142263   0.499818   0.854367   0.588429
15.0417
  0.989233 -0.0387745  -0.141121 0.00935769
-0.0372569   0.865776  -0.499044   0.189882
   0.14153   0.498928   0.855009   0.591494
15.0833
  0.989367  -0.037463  -0.140534  0.0091766
-0.0380328   0.865993  -0.498607   0.190143
   0.14038    0.49865    0.85536   0.594524
15.125
   0.98954 -0.0362431  -0.139631 0.00900133
-0.0386763   0.865835  -0.498832   0.190417
  0.138976   0.499015   0.855377   0.597491
15.1667
  0.989672 -0.0362471  -0.138689 0.00883597
-0.0382614   0.865607  -0.499261   0.190758
  0.138147   0.499411    0.85528   0.600279
15.2083
  0.989658 -0.0366365  -0.138692 0.00864006
-0.0379524   0.865514  -0.499445   0.190924
  0.138338   0.499544   0.855172   0.603121
15.25
  0.989522 -0.0367629  -0.139626 0.00848997
-0.0384761   0.864933  -0.500411   0.191192
  0.139164    0.50054   0.854455   0.606034
15.2917
  0.989403 -0.0360931  -0.140638 0.00838726
-0.0398741   0.863826  -0.502209   0.191515
  0.139613   0.502495   0.853233    0.60894
15.3333
  0.989405  -0.035068  -0.140882 0.00832195
 -0.041306    0.86229  -0.504728   0.191859
  0.139181   0.505199   0.851705    0.61189
15.375
  0.989389 -0.0352043  -0.140963 0.00848002
-0.0417772   0.860297  -0.508078   0.191998
  0.139156   0.508575   0.849698   0.615257
15.4167
  0.989445 -0.0350057  -0.140614 0.00833497
 -0.042129   0.858973  -0.510286   0.192019
  0.138646   0.510824   0.848432   0.617858
15.4583
  0.989438  -0.034767  -0.140728  0.0082009
-0.0425132   0.858526  -0.511004   0.192252
  0.138585   0.511589    0.84798   0.620663
15.5
  0.989336  -0.034685  -0.141461 0.00821675
-0.0432351    0.85752  -0.512631   0.192636
  0.139086   0.513281   0.846876     0.6238
15.5417
  0.989273 -0.0344861  -0.141946 0.00832122
-0.0440778   0.855965  -0.515152   0.193097
  0.139266   0.515883   0.845263   0.626939
15.5833
  0.989336 -0.0344705  -0.141516  0.0081286
-0.0444275   0.853874   -0.51858   0.193627
  0.138712   0.519337   0.843236    0.63014
15.625
  0.989335  -0.034726  -0.141461 0.00818213
-0.0448486   0.851365  -0.522653   0.194075
  0.138584   0.523423   0.840728   0.633382
15.6667
  0.989355 -0.0352541  -0.141186 0.00818428
-0.0449592   0.848695  -0.526969   0.194465
  0.138402   0.527707   0.838075   0.636443
15.7083
   0.98937 -0.0357507  -0.140959  0.0082056
-0.0451328   0.845959  -0.531335   0.194837
  0.138241   0.532049   0.835352   0.639515
15.75
  0.989283 -0.0364528   -0.14139 0.00828819
-0.0454734   0.843261  -0.535577   0.194981
  0.138752   0.536266   0.832566   0.642682
15.7917
  0.989272 -0.0371033  -0.141296 0.00828258
-0.0456609   0.840216  -0.540326   0.195336
  0.138767   0.540981   0.829508   0.645847
15.8333
  0.989254 -0.0377674  -0.141245 0.00827758
-0.0458681   0.837123  -0.545088   0.195649
  0.138826   0.545709   0.826395   0.649073
15.875
  0.989235 -0.0381034  -0.141291 0.00819937
-0.0463445   0.834238  -0.549454   0.195861
  0.138806   0.550087   0.823491   0.652183
15.9167
  0.989139 -0.0383729  -0.141888 0.00800041
-0.0471936   0.831297  -0.553821   0.196004
  0.139202   0.554502   0.820457   0.655302
15.9583
  0.988964   -0.03868  -0.143016 0.00803006
-0.0484615   0.827758  -0.558988   0.196382
  0.140004    0.55975   0.816749   0.658634
16
  0.988786 -0.0395456   -0.14401 0.00803018
-0.0491843   0.824273  -0.564053   0.196604
  0.141009    0.56481   0.813084   0.661886
16.0417
  0.988625 -0.0407835  -0.144766 0.00789051
-0.0494404   0.820916  -0.568905   0.196914
  0.142042   0.569591   0.809562   0.664914
16.0833
  0.988434 -0.0420432  -0.145711 0.00786147
-0.0498793   0.817223  -0.574159   0.197213
  0.143218   0.574786   0.805674   0.668237
16.125
  0.988288 -0.0427206  -0.146501 0.00780854
-0.0507723   0.813273  -0.579663   0.197565
  0.143909   0.580312   0.801579   0.671549
16.1667
   0.98822 -0.0432048  -0.146812 0.00767946
-0.0513583    0.81006  -0.584093   0.197372
  0.144162   0.584753   0.798299   0.674765
16.2083
  0.988359 -0.0426334  -0.146046 0.00718527
-0.0517259   0.808591  -0.586092   0.197177
  0.143079   0.586824   0.796973   0.677062
16.3333
  0.987667 -0.0396553  -0.151465 0.00761154
-0.0593589   0.800339  -0.596602   0.197927
  0.144882   0.598235   0.788115   0.688205
16.375
  0.987363 -0.0401017  -0.153319 0.00755081
-0.0605925    0.79842  -0.599045   0.197432
  0.146435   0.600765     0.7859   0.690786
16.4167
  0.987134 -0.0406807  -0.154635 0.00716002
-0.0612406   0.797163   -0.60065   0.197459
  0.147704   0.602392   0.784415   0.693524
16.4583
  0.986833 -0.0418134  -0.156243 0.00712906
-0.0615565   0.796215  -0.601874   0.197542
  0.149569   0.603567   0.783158   0.696725
16.5
   0.98664 -0.0421043  -0.157378  0.0071566
-0.0627878    0.79312  -0.605821   0.197938
  0.150327   0.607609    0.77988   0.700817
16.5417
  0.986529 -0.0424633   -0.15798 0.00717885
-0.0636689   0.789911  -0.609908   0.198125
  0.150689    0.61175   0.776566   0.704237
16.5833
  0.986457 -0.0426687   -0.15837 0.00712511
-0.0644121   0.787215  -0.613305   0.198178
   0.15084     0.6152   0.773806   0.707378
16.625
  0.986455 -0.0421561  -0.158522 0.00685587
-0.0652683   0.785738  -0.615106   0.197911
  0.150487   0.617121   0.772344   0.709965
16.6667
  0.986125 -0.0423395  -0.160514 0.00682609
-0.0669288   0.783453  -0.617837   0.197878
  0.151914   0.620007   0.769749   0.713153
16.7083
   0.98576 -0.0417417  -0.162897 0.00683795
-0.0697648   0.779887   -0.62202   0.197979
  0.153005   0.624526    0.76587   0.716397
16.75
  0.985492 -0.0408687  -0.164727 0.00678886
-0.0725881   0.775834  -0.626748   0.198072
  0.153415   0.629612   0.761611   0.719397
16.7917
  0.985297 -0.0402155  -0.166052 0.00681639
-0.0747795   0.772358   -0.63077   0.197816
  0.153618   0.633913   0.757994   0.721872
16.8333
  0.985185 -0.0398197  -0.166806 0.00672956
-0.0762628   0.769474  -0.634109   0.197661
  0.153603   0.637436   0.755038   0.724258
16.875
  0.985062 -0.0390412  -0.167715 0.00657413
-0.0778043   0.767965  -0.635749   0.197243
  0.153619   0.639301   0.753456   0.726562
16.9167
  0.984788 -0.0384856  -0.169443 0.00639987
-0.0794424   0.767552  -0.636045   0.196868
  0.154535   0.639831   0.752818   0.728907
16.9583
  0.984302 -0.0381911  -0.172308 0.00627327
-0.0814141   0.767971  -0.635289   0.196458
   0.15659   0.639345   0.752806   0.731288
17
  0.983783  -0.038128  -0.175264 0.00613843
-0.0833045   0.768233  -0.634727   0.196112
  0.158844   0.639034   0.752598   0.733546
17.0417
  0.983414  -0.038426  -0.177259 0.00609692
-0.0847718   0.766612   -0.63649   0.196104
  0.160347   0.640959    0.75064   0.736116
17.0833
  0.983368 -0.0393242  -0.177317 0.00586566
-0.0845089   0.765094  -0.638349   0.195968
  0.160767   0.642716   0.749046   0.738198
17.125
  0.983375 -0.0401562   -0.17709 0.00582346
-0.0842297   0.763104  -0.640763    0.19579
  0.160869   0.645027   0.747035   0.740459
17.1667
  0.983427 -0.0401756  -0.176796  0.0057467
-0.0845342   0.761047  -0.643165   0.195649
  0.160389   0.647452   0.745038   0.742784
17.2083
  0.983458 -0.0390088  -0.176885 0.00565228
-0.0858876   0.759353  -0.644986   0.195483
  0.159478   0.649509   0.743441   0.745009
17.25
  0.983494 -0.0376684  -0.176979 0.00547261
-0.0873985   0.757534  -0.646919   0.195718
  0.158436   0.651708   0.741737    0.74702
17.2917
  0.983496 -0.0358317  -0.177348 0.00539629
-0.0892387   0.756612  -0.647745    0.19554
  0.157394   0.652881   0.740927     0.7492
17.3333
   0.98342 -0.0345426   -0.17802 0.00530977
 -0.090792   0.755999  -0.648246   0.195279
  0.156975   0.653661   0.740328   0.751352
17.375
    0.9833 -0.0334003  -0.178901   0.005212
-0.0923901   0.755312  -0.648821   0.195079
  0.156797   0.654514   0.739612   0.753519
17.4167
  0.983139 -0.0324406  -0.179961 0.00513082
 -0.094028    0.75438  -0.649668   0.194848
  0.156835   0.655635    0.73861   0.755734
17.4583
  0.982873 -0.0323864  -0.181417 0.00518195
-0.0952972    0.75327   -0.65077   0.194389
  0.157732   0.656913   0.737283   0.757958
17.5
  0.982755  -0.033422  -0.181869 0.00504586
-0.0956702   0.749766  -0.654751   0.194789
  0.158242   0.660859   0.733638   0.760641
17.5417
  0.982654 -0.0352178  -0.182073 0.00494218
-0.0949953   0.747615  -0.657303   0.194621
  0.159269   0.663198   0.731302   0.762753
17.5833
  0.982571 -0.0372015  -0.182127  0.0048835
-0.0938914   0.746279  -0.658978   0.194131
  0.160433   0.664593   0.729779   0.764635
