7.66667
   0.999594 0.000927999   -0.028468   0.0120975
-0.00652532    0.980348   -0.197166    0.150167
  0.0277256    0.197271    0.979957    0.115041
7.70833
   0.999603 5.38096e-05  -0.0281928   0.0120224
-0.00566427    0.979991   -0.198962    0.150353
   0.027618    0.199043    0.979602    0.118097
7.75
   0.999596 0.000457228  -0.0284131   0.0136078
 -0.0062254    0.979105   -0.203259    0.150197
  0.0277264    0.203354    0.978713    0.117655
7.79167
    0.999625 -0.000447539     -0.02738    0.0137184
 -0.00517756     0.978743    -0.205027     0.149884
   0.0268897     0.205092     0.978373     0.119532
7.83333
    0.999643 -0.000807224   -0.0266994    0.0138052
 -0.00470772     0.978573    -0.205846     0.149694
   0.0262934     0.205899      0.97822     0.121398
7.875
    0.999652 -0.000256313   -0.0263656     0.014018
 -0.00519072     0.978471    -0.206318     0.149487
   0.0258509     0.206384      0.97813     0.123353
7.91667
   0.999663 0.000879308  -0.0259332    0.014183
-0.00622757    0.978345   -0.206886    0.149279
  0.0251897    0.206977    0.978021    0.125267
7.95833
   0.999671  0.00173123  -0.0255969   0.0142957
-0.00698658    0.978383   -0.206685    0.149074
  0.0246857    0.206796    0.978073    0.127208
8
   0.999673  0.00171533   -0.025517   0.0144044
-0.00693611    0.978537   -0.205954    0.148845
  0.0246161    0.206064    0.978229    0.128981
8.04167
   0.999654 0.000226152  -0.0262922   0.0148875
-0.00563433    0.978577   -0.205805     0.14865
  0.0256824    0.205882     0.97824    0.131199
8.08333
   0.999629 -0.00213847  -0.0271384   0.0153074
-0.00350342    0.978514   -0.206152    0.148402
  0.0269961    0.206171    0.978144    0.133244
8.125
    0.99961 -0.00468279   -0.027517   0.0157086
-0.00110054    0.978448    -0.20649    0.148065
  0.0278909     0.20644    0.978062    0.135127
8.16667
   0.999606 -0.00695669   -0.027179   0.0159619
 0.00120218    0.978501   -0.206241    0.147424
  0.0280294    0.206127    0.978124    0.136871
8.20833
   0.999606 -0.00843344  -0.0267579   0.0164244
  0.0027488    0.978602   -0.205743    0.146616
  0.0279205    0.205588     0.97824     0.13871
8.25
   0.999603 -0.00917065  -0.0266475   0.0168216
 0.00349801    0.978635   -0.205576    0.146585
  0.0279635    0.205401    0.978278    0.140719
8.29167
   0.999614 -0.00934201  -0.0261785   0.0171237
 0.00374931    0.978538   -0.206033    0.146346
  0.0275415    0.205856    0.978195    0.142634
8.33333
   0.999613 -0.00900373  -0.0263275   0.0174465
 0.00337747    0.978464   -0.206388    0.146065
  0.0276188    0.206219    0.978116     0.14444
8.375
   0.999594 -0.00854338  -0.0271857    0.017723
  0.0027447     0.97843   -0.206561    0.145737
  0.0283641    0.206402    0.978056    0.146365
8.41667
  0.999553 -0.0083508 -0.0287113  0.0179947
0.00223255   0.978372  -0.206839    0.14546
 0.0298177   0.206683   0.977954   0.148313
8.45833
   0.999502 -0.00843047  -0.0303992   0.0182204
  0.0019525    0.978315   -0.207115    0.145146
   0.031486    0.206952    0.977844    0.150271
8.5
  0.999443 -0.0084192 -0.0322983  0.0185359
0.00153829   0.978255  -0.207401   0.144824
 0.0333421   0.207235   0.977723   0.152295
8.54167
   0.999385 -0.00833333  -0.0340745   0.0187034
 0.00107262    0.978178   -0.207766    0.144545
  0.0350623    0.207601    0.977585     0.15425
8.58333
   0.999314 -0.00859279  -0.0360156   0.0189654
0.000906634    0.978086     -0.2082    0.144215
  0.0370154    0.208025    0.977423     0.15636
8.625
   0.999238 -0.00898656  -0.0379782   0.0193099
 0.00085865    0.977955   -0.208816    0.143918
  0.0390174    0.208624    0.977217    0.158524
8.66667
   0.999169 -0.00923237  -0.0397107   0.0193753
0.000713558    0.977833   -0.209383    0.143596
  0.0407635    0.209181    0.977027    0.160417
8.70833
   0.999074 -0.00939264   -0.041977   0.0197377
0.000363993     0.97768   -0.210099    0.143265
  0.0430135     0.20989    0.976778     0.16266
8.75
   0.998973 -0.00961161  -0.0442884   0.0199851
 6.8391e-05     0.97757   -0.210612    0.142885
  0.0453194    0.210393    0.976566    0.164764
8.79167
   0.998858 -0.00962822  -0.0467947   0.0203267
-0.00046155    0.977491   -0.210975    0.142589
  0.0477728    0.210756    0.976371    0.166718
8.83333
   0.998727 -0.00962458  -0.0495197   0.0207294
-0.00106972     0.97737   -0.211535    0.142175
  0.0504349    0.211318    0.976115    0.169317
8.875
   0.998594 -0.00971309  -0.0521146   0.0210931
 -0.0015677     0.97723   -0.212175    0.141782
  0.0529888    0.211958    0.975841    0.171711
8.91667
   0.998465 -0.00931357  -0.0546055   0.0213916
-0.00252783    0.977077   -0.212873    0.141443
  0.0553363    0.212684    0.975553    0.174061
8.95833
   0.998304 -0.00838255  -0.0576063   0.0217432
-0.00410339    0.976983   -0.213276       0.141
  0.0580682    0.213151    0.975292    0.176477
9
   0.998112 -0.00728903  -0.0609799   0.0221556
-0.00592437    0.976873   -0.213737    0.140598
  0.0611276    0.213695    0.974986    0.178996
9.04167
   0.997907 -0.00659885  -0.0643253   0.0225548
-0.00735239    0.976749   -0.214261    0.140279
  0.0642435    0.214286    0.974656    0.181396
9.08333
   0.997698 -0.00609915  -0.0675368   0.0230997
-0.00857837    0.976594    -0.21492    0.139878
  0.0672668    0.215005    0.974294    0.183988
9.125
   0.997491 -0.00568473  -0.0705587   0.0239874
-0.00970956    0.976361   -0.215927    0.139433
  0.0701182    0.216071    0.973857    0.186782
9.16667
  0.997394 -0.0055405 -0.0719325  0.0244983
-0.0102445   0.976067  -0.217227   0.139156
 0.0714145   0.217398   0.973467   0.189135
9.20833
   0.997327 -0.00621037  -0.0727994   0.0250868
-0.00993533    0.975599   -0.219337    0.138789
  0.0723851    0.219474    0.972929    0.191698
9.25
   0.997261 -0.00758321   -0.073579   0.0254791
-0.00889985    0.975203   -0.221132    0.138173
  0.0734314    0.221181    0.972464    0.194596
9.29167
   0.997193 -0.00852202  -0.0743885   0.0259824
-0.00834677    0.974657   -0.223548    0.137814
  0.0744083    0.223541     0.97185    0.197182
9.33333
    0.99715 -0.00914327  -0.0748895   0.0262994
-0.00802064    0.974157   -0.225729    0.137475
   0.075018    0.225687    0.971307    0.199589
9.375
   0.997125   -0.010326  -0.0750612   0.0267526
-0.00706592     0.97368   -0.227812    0.137061
  0.0754379    0.227687    0.970808     0.20198
9.41667
   0.997162  -0.0117117    -0.07437   0.0270003
-0.00575433     0.97308   -0.230395    0.136822
  0.0750663    0.230169    0.970251    0.204233
9.45833
   0.997193  -0.0127159  -0.0737803   0.0275793
-0.00481884    0.972526   -0.232743    0.136202
  0.0747128    0.232445    0.969736     0.20673
9.5
    0.99724  -0.0128973  -0.0731148    0.028389
-0.00469994    0.971854   -0.235537    0.135685
  0.0740947     0.23523    0.969111    0.209492
9.54167
   0.997298  -0.0123625  -0.0724138   0.0291283
-0.00530648     0.97104   -0.238858    0.135227
  0.0732696    0.238596    0.968351    0.212168
9.58333
   0.997385  -0.0111647   -0.071404   0.0289491
-0.00634556    0.970651   -0.240407    0.134532
  0.0719924    0.240232    0.968042    0.214482
9.625
   0.997329  -0.0100485   -0.072348   0.0289004
-0.00769685     0.97052   -0.240899    0.134144
  0.0726358    0.240812     0.96785    0.216548
9.66667
   0.997172 -0.00942111  -0.0745603   0.0288326
-0.00876177    0.970772   -0.239843     0.13378
  0.0746407    0.239818    0.967944    0.218547
9.70833
   0.996935 -0.00944128   -0.077666   0.0291756
 -0.0093176      0.9713   -0.237676    0.133352
  0.0776809    0.237671    0.968235    0.220859
9.75
   0.996706 -0.00993338  -0.0804901   0.0295907
-0.00928635    0.971965   -0.234944    0.132912
  0.0805673    0.234917    0.968671    0.223202
9.79167
   0.996519  -0.0105106  -0.0827035   0.0299927
-0.00901131    0.972629   -0.232189    0.132501
  0.0828803    0.232126    0.969148     0.22555
9.83333
   0.996392  -0.0113283  -0.0841117   0.0302176
-0.00828798    0.973328    -0.22927    0.132089
  0.0844655    0.229139    0.969722    0.227749
9.875
  0.996305 -0.0115922 -0.0850952  0.0303799
-0.0080174   0.973967  -0.226549   0.131721
 0.0855061   0.226394   0.970275   0.229831
9.91667
   0.996222  -0.0112899  -0.0861032   0.0306703
-0.00835624    0.974449   -0.224452    0.131321
  0.0864372    0.224324    0.970674    0.232073
9.95833
   0.996133  -0.0108167  -0.0871904   0.0309676
-0.00896371    0.974702   -0.223328    0.130902
  0.0874004    0.223246    0.970836    0.234354
10
   0.996046  -0.0105895  -0.0882047   0.0312148
-0.00937661    0.974793   -0.222914    0.130513
  0.0883419     0.22286    0.970839    0.236554
10.0417
  0.995965 -0.0108872 -0.0890782  0.0314544
-0.0092478   0.974878  -0.222548   0.130126
 0.0892633   0.222474   0.970844   0.238677
10.0833
   0.995951  -0.0120028  -0.0890938    0.031284
-0.00807458    0.975098   -0.221629    0.129714
  0.0895353    0.221451    0.971052    0.239985
10.125
   0.995886  -0.0129514  -0.0896848   0.0314866
-0.00725156    0.975168   -0.221348    0.129341
  0.0903245    0.221088    0.971062    0.242108
10.1667
   0.995793  -0.0144767  -0.0904761   0.0317585
-0.00599682    0.975026   -0.222011    0.128937
  0.0914305     0.22162    0.970837    0.244295
10.2083
   0.995687  -0.0164617  -0.0913062   0.0319183
-0.00439852    0.974651   -0.223687     0.12858
  0.0926739    0.223124    0.970375    0.246434
10.25
   0.995516  -0.0188504  -0.0927002   0.0323287
-0.00254099    0.974262   -0.225402    0.128056
  0.0945633    0.224627    0.969846    0.248756
10.2917
     0.99537   -0.0209509   -0.0938028    0.0325665
-0.000901769     0.973875    -0.227084     0.127635
   0.0961098     0.226118     0.969347     0.250982
10.3333
   0.995263  -0.0225258  -0.0945766   0.0329445
0.000258835    0.973399   -0.229116    0.127242
  0.0972218    0.228006    0.968794    0.253291
10.375
   0.995256  -0.0232461  -0.0944726   0.0331783
0.000759592    0.972863   -0.231383     0.12684
  0.0972876    0.230213    0.968265    0.255535
10.4167
   0.995261  -0.0235463  -0.0943423   0.0333716
0.000894424    0.972413   -0.233263    0.126415
  0.0972322    0.232073    0.967826     0.25779
10.4583
   0.995269  -0.0236298  -0.0942431   0.0335366
0.000870319    0.972105   -0.234546    0.126009
  0.0971565    0.233355    0.967526    0.260043
10.5
   0.995273  -0.0236197  -0.0942034   0.0334829
0.000801955    0.971941   -0.235223    0.125555
   0.097116    0.234036    0.967365    0.262251
10.5417
   0.995202  -0.0236968  -0.0949309   0.0336654
0.000668198    0.971852    -0.23559    0.125202
  0.0978416    0.234397    0.967205    0.264644
10.5833
   0.995184  -0.0236144  -0.0951398   0.0331864
0.000568162    0.971924   -0.235295    0.124839
   0.098025    0.234108    0.967256    0.266505
10.625
   0.995025   -0.024007  -0.0966901    0.033365
0.000628234    0.972025   -0.234877    0.124329
  0.0996239    0.233648    0.967204    0.269036
10.6667
  0.994855 -0.0250713 -0.0981614  0.0335562
0.00119474   0.971733   -0.23608   0.123804
  0.101306   0.234748   0.966763   0.271606
10.7083
  0.994706 -0.0260456 -0.0994048  0.0335624
0.00178969    0.97159  -0.236663   0.123337
  0.102745   0.235232   0.966493   0.273983
10.75
  0.994541 -0.0268737   -0.10083  0.0337162
0.00228777   0.971652  -0.236404   0.122864
  0.104325   0.234882   0.966409   0.276578
10.7917
  0.994402 -0.0272764  -0.102081  0.0337069
0.00245005   0.971798  -0.235802   0.122347
  0.105634   0.234231   0.966425   0.279136
10.8333
  0.994224 -0.0272884  -0.103798    0.03401
0.00211048    0.97192  -0.235301   0.121833
  0.107305   0.233723   0.966364    0.28196
10.875
  0.994104  -0.026798  -0.105071  0.0341879
0.00139585   0.972063  -0.234715    0.12131
  0.108425   0.233185   0.966369   0.284727
10.9167
  0.994044 -0.0259858   -0.10584  0.0343252
0.00046639   0.972163  -0.234305    0.12093
  0.108982    0.23286   0.966385   0.287529
10.9583
   0.994038  -0.0246579   -0.106211   0.0343813
-0.00086209    0.972286   -0.233793    0.120426
   0.109033     0.23249    0.966468    0.290211
11
   0.993991  -0.0229487   -0.107033   0.0345438
-0.00265193    0.972442   -0.233128    0.119784
   0.109433    0.232011    0.966538     0.29298
11.0417
   0.993895  -0.0208669   -0.108342   0.0346039
-0.00492205    0.972589   -0.232477    0.119162
   0.110223    0.231591    0.966549    0.295677
11.0833
   0.993928  -0.0182873   -0.108506   0.0335179
-0.00745041    0.972646   -0.232175    0.118814
   0.109783    0.231573    0.966603    0.297495
11.125
   0.993722  -0.0173925   -0.110518   0.0336442
-0.00875626    0.972721   -0.231812    0.118089
   0.111535    0.231325    0.966462    0.300293
11.1667
   0.993538   -0.017649   -0.112118    0.033641
-0.00889593    0.972688   -0.231946    0.117523
    0.11315    0.231445    0.966246    0.303004
11.2083
   0.993334  -0.0184921   -0.113777   0.0336837
-0.00847061     0.97267   -0.232039    0.116952
   0.114959    0.231456    0.966029    0.305703
11.25
   0.993117   -0.018852     -0.1156   0.0339785
-0.00859147    0.972578   -0.232417    0.116356
   0.116812    0.231811    0.965722    0.308563
11.2917
   0.992992  -0.0194489   -0.116574   0.0342898
-0.00836367     0.97233   -0.233464    0.115823
   0.117889    0.232802    0.965352    0.311369
11.3333
   0.992962   -0.020454   -0.116652   0.0344717
-0.00754165    0.972054   -0.234637    0.115273
   0.118192    0.233865    0.965058    0.314057
11.375
   0.992954  -0.0217741   -0.116486   0.0346973
-0.00634257    0.971801   -0.235719     0.11467
   0.118334    0.234797    0.964815     0.31675
11.4167
   0.992978  -0.0229594   -0.116051    0.034855
-0.00526407    0.971439    -0.23723     0.11421
   0.118183    0.236175    0.964497    0.319438
11.4583
   0.992994  -0.0242883   -0.115644   0.0350089
-0.00402694    0.971124   -0.238539    0.113739
   0.118099    0.237334    0.964223     0.32204
11.5
   0.992985  -0.0257125   -0.115407   0.0350631
-0.00265557    0.970972   -0.239179    0.113272
   0.118207    0.237808    0.964093    0.324559
11.5417
   0.992921  -0.0267936   -0.115712   0.0351552
-0.00164688    0.971024   -0.238977    0.112732
   0.118762    0.237476    0.964106    0.327048
11.5833
   0.992975  -0.0260595    -0.11542   0.0345837
-0.00227291    0.971066   -0.238802    0.112465
   0.118303    0.237387    0.964185    0.329264
11.625
   0.992883  -0.0258533   -0.116258   0.0346399
-0.00262115    0.971175   -0.238355    0.112019
   0.119069    0.236963    0.964195    0.331649
11.6667
   0.992733  -0.0256403   -0.117576    0.034736
-0.00311097    0.971243   -0.238069    0.111604
   0.120299    0.236705    0.964105     0.33408
11.7083
   0.992587  -0.0256162    -0.11881   0.0347345
-0.00335156    0.971396    -0.23744    0.111197
   0.121494    0.236078    0.964109    0.336377
11.75
   0.992385  -0.0258369   -0.120433    0.034856
-0.00337944    0.971673   -0.236304    0.110779
   0.123127    0.234911    0.964187    0.338727
11.7917
  0.992157 -0.0264566  -0.122167  0.0350717
-0.0030265   0.971973  -0.235071   0.110315
  0.124962   0.233597    0.96427   0.341113
11.8333
   0.991949  -0.0276853   -0.123576   0.0351472
-0.00203492    0.972201    -0.23414    0.109833
   0.126623    0.232506    0.964317    0.343412
11.875
   0.991708  -0.0289031   -0.125222   0.0353709
-0.00113221    0.972379   -0.233406    0.109389
   0.128509    0.231612    0.964283    0.345741
11.9167
    0.991464   -0.0298962     -0.12691    0.0355875
-0.000478718     0.972516    -0.232836      0.10892
    0.130383     0.230909       0.9642     0.348177
11.9583
   0.991306     -0.0307   -0.127941   0.0354902
0.000146472    0.972654   -0.232257    0.108482
   0.131573    0.230219    0.964203     0.35034
12
   0.991119   -0.031222   -0.129258   0.0355497
0.000409858    0.972758   -0.231824    0.108083
   0.132975    0.229712    0.964132    0.352718
12.0417
    0.990927   -0.0308413    -0.130814    0.0357243
-0.000251252     0.972888    -0.231275     0.107672
    0.134401      0.22921     0.964054     0.355098
12.0833
   0.990768  -0.0299091   -0.132231   0.0358172
-0.00139804    0.973055   -0.230569    0.107214
   0.135564    0.228625     0.96403    0.357409
12.125
    0.99055  -0.0287219   -0.134109   0.0360836
-0.00278195    0.973417   -0.229023    0.106272
   0.137122    0.227232    0.964139      0.3596
12.1667
  0.990358 -0.0281787  -0.135636  0.0362498
-0.0036013   0.973526  -0.228548   0.105834
  0.138485   0.226833   0.964038   0.361898
12.2083
   0.990135  -0.0277469   -0.137344   0.0364001
-0.00434782    0.973641   -0.228045    0.105373
   0.140051    0.226392    0.963915     0.36423
12.25
   0.989839  -0.0271249   -0.139583   0.0365002
-0.00548751    0.973619   -0.228115    0.104871
   0.142088    0.226563    0.963577    0.366645
12.2917
   0.989476  -0.0261744   -0.142308   0.0366571
-0.00718591      0.9734   -0.228999    0.104372
   0.144516    0.227612    0.962968    0.369106
12.3333
    0.98915  -0.0253077   -0.144716   0.0367449
-0.00875933    0.973139   -0.230052    0.103863
   0.146651    0.228824    0.962358    0.371436
12.375
   0.988816  -0.0248729   -0.147051   0.0369817
-0.00993718    0.972816   -0.231367    0.103391
   0.148808    0.230241    0.961689       0.374
12.4167
  0.988523 -0.0248541  -0.149009  0.0371332
  -0.01063   0.972484  -0.232726   0.102935
  0.150693   0.231639   0.961059   0.376396
12.4583
  0.988222 -0.0251229  -0.150948  0.0372682
-0.0110121   0.972198  -0.233901   0.102484
  0.152627   0.232809   0.960471   0.378924
12.5
  0.987959  -0.025167  -0.152654  0.0373369
-0.0115055   0.971998  -0.234708   0.101984
  0.154287   0.233638   0.960005    0.38141
12.5417
  0.987523 -0.0248327  -0.155507  0.0380612
-0.0124688   0.972058  -0.234408   0.100881
  0.156983   0.233422    0.95962   0.384171
12.5833
  0.987259 -0.0250021  -0.157147  0.0382503
-0.0127762   0.971936    -0.2349   0.100457
  0.158609   0.233915   0.959232   0.386804
12.625
  0.987003 -0.0257231  -0.158631  0.0384782
-0.0123838   0.971997  -0.234668  0.0999795
  0.160225   0.233583   0.959045   0.389497
12.6667
  0.986718 -0.0265778  -0.160251  0.0386919
-0.0119028   0.972043  -0.234503  0.0994948
  0.162004   0.233296   0.958816    0.39226
12.7083
  0.986474 -0.0270818  -0.161667  0.0388766
-0.0116916   0.972122  -0.234186  0.0990374
  0.163502   0.232908   0.958656   0.394909
12.75
  0.986196 -0.0279774  -0.163199  0.0391539
-0.0111055   0.972226  -0.233779  0.0984531
  0.165207   0.232365   0.958495   0.397594
12.7917
  0.986042 -0.0291922  -0.163918   0.039493
-0.0100138   0.972329    -0.2334  0.0978735
  0.166196   0.231784   0.958465   0.399971
12.8333
   0.986092  -0.0304243   -0.163394   0.0395949
-0.00864772    0.972379   -0.233248   0.0973414
   0.165978    0.231417    0.958592     0.40246
12.875
   0.986128  -0.0305778   -0.163144   0.0397619
-0.00843453    0.972384   -0.233235   0.0968488
    0.16577    0.231376    0.958637     0.40525
12.9167
   0.986059  -0.0298343   -0.163701   0.0401069
-0.00905167    0.972721     -0.2318   0.0956303
   0.166151     0.23005     0.95889    0.408284
12.9583
    0.98597  -0.0290839   -0.164368   0.0402168
-0.00993279    0.972736   -0.231702   0.0951462
   0.166625    0.230084      0.9588    0.410913
13
  0.985845 -0.0283403  -0.165244  0.0403171
-0.0108373   0.972777  -0.231491   0.094668
  0.167306   0.230005     0.9587    0.41357
13.0417
  0.985709 -0.0278859  -0.166133  0.0403462
-0.0114765   0.972796   -0.23138  0.0941909
  0.168066    0.22998   0.958574   0.416188
13.0833
  0.985542  -0.026778  -0.167302  0.0404619
-0.0128314     0.9728  -0.231292  0.0937594
  0.168944   0.230095   0.958391   0.418726
13.125
  0.985377 -0.0250126  -0.168543   0.040565
-0.0148148   0.972844  -0.230988  0.0932435
  0.169744   0.230108   0.958247   0.421187
13.1667
  0.985182 -0.0233066  -0.169922  0.0405765
-0.0168352   0.972799  -0.231037  0.0929329
  0.170685   0.230474   0.957992   0.423616
13.2083
  0.984938 -0.0222701  -0.171468  0.0406777
-0.0181497   0.972877  -0.230611  0.0924393
  0.171953    0.23025   0.957819   0.425959
13.25
  0.984679 -0.0216991  -0.173024  0.0406428
-0.0189939   0.972978  -0.230116  0.0918309
  0.173342   0.229877   0.957658   0.428254
13.2917
  0.984386 -0.0211541  -0.174748  0.0406939
-0.0198953    0.97302  -0.229863  0.0913549
  0.174895   0.229751   0.957406   0.430567
13.3333
  0.984114 -0.0206738  -0.176332  0.0406215
 -0.020793   0.972941  -0.230117  0.0911845
  0.176318   0.230128   0.957054   0.432984
13.375
  0.983859 -0.0199374  -0.177831  0.0404737
-0.0217918   0.973028  -0.229654  0.0910488
  0.177614   0.229823   0.956888   0.435206
13.4167
  0.983483 -0.0196295  -0.179933  0.0408091
-0.0217762   0.974049  -0.225287  0.0892987
  0.179686   0.225484   0.957533   0.437149
13.4583
  0.983169 -0.0197161  -0.181632  0.0408336
-0.0218803   0.974298  -0.224197   0.088836
  0.181384   0.224398   0.957468   0.439512
13.5
  0.982878 -0.0204157  -0.183121  0.0407796
-0.0214147    0.97445   -0.22358  0.0883817
  0.183007   0.223674   0.957329   0.441763
13.5417
  0.982578 -0.0206789  -0.184695  0.0406944
-0.0214673    0.97451  -0.223316  0.0879582
  0.184605    0.22339   0.957088   0.443936
13.5833
  0.982245  -0.020189  -0.186514  0.0407788
-0.0223731   0.974491  -0.223307   0.087518
  0.186265   0.223515   0.956737   0.446168
13.625
  0.981909 -0.0196268  -0.188335  0.0408952
-0.0233648   0.974455  -0.223365  0.0870324
  0.187908   0.223725   0.956367   0.448384
13.6667
  0.981569 -0.0194767  -0.190115  0.0408489
-0.0241816    0.97414  -0.224648   0.086539
  0.189574   0.225105   0.955714   0.450595
13.7083
  0.981188  -0.020154  -0.192001  0.0409059
-0.0243557   0.973667  -0.226669  0.0860961
  0.191513   0.227082   0.954859   0.452851
13.75
  0.980856 -0.0211277  -0.193587  0.0408722
-0.0241972    0.97317   -0.22881  0.0856652
  0.193228   0.229114   0.954028   0.455032
13.7917
  0.980549 -0.0219042   -0.19505  0.0406231
-0.0241715   0.972713   -0.23075  0.0851863
  0.194782   0.230977   0.953263   0.457153
13.8333
  0.980199 -0.0225815  -0.196722  0.0407625
-0.0240145   0.972586  -0.231299  0.0840972
  0.196552   0.231443   0.952786   0.459153
13.875
  0.979841 -0.0235295  -0.198386  0.0408175
 -0.023887   0.972117  -0.233277  0.0835747
  0.198344   0.233313   0.951958   0.461339
13.9167
  0.979494 -0.0241332  -0.200022  0.0407793
-0.0242147   0.971502  -0.235792  0.0831951
  0.200012     0.2358   0.950996   0.463689
13.9583
  0.979181  -0.024707  -0.201481  0.0407238
-0.0245489   0.970867   -0.23836  0.0828777
  0.201501   0.238343   0.950047    0.46602
14
  0.978872 -0.0253178  -0.202898  0.0406721
-0.0248634   0.970203  -0.241015  0.0825997
  0.202955   0.240967   0.949075   0.468462
14.0417
   0.97864 -0.0258187  -0.203956  0.0406496
-0.0251298   0.969619  -0.243324  0.0822183
  0.204042   0.243252   0.948259   0.470806
14.0833
  0.978511 -0.0261378  -0.204529  0.0406141
-0.0254936   0.968986  -0.245798  0.0818951
  0.204611    0.24573   0.947497   0.473157
14.125
  0.978718 -0.0262923  -0.203518  0.0402308
-0.0252091   0.968842  -0.246395  0.0810708
  0.203655   0.246282    0.94756    0.47482
14.1667
  0.978863   -0.02711   -0.20271  0.0400186
-0.0244309   0.968577   -0.24751  0.0806097
   0.20305   0.247231   0.947443   0.477196
14.2083
  0.978939 -0.0291619  -0.202059  0.0399565
-0.0224674   0.968344  -0.248606  0.0802455
  0.202912    0.24791   0.947295   0.479675
14.25
  0.979017 -0.0316214  -0.201308  0.0398935
-0.0200708    0.96812  -0.249682   0.079885
  0.202786   0.248483   0.947172   0.482236
14.2917
  0.979096 -0.0341518  -0.200509  0.0398357
-0.0175304   0.967965  -0.250471  0.0794885
   0.20264    0.24875   0.947133   0.484791
14.3333
  0.979258 -0.0359729  -0.199401  0.0397808
 -0.015582   0.967829  -0.251124  0.0791333
   0.20202   0.249022   0.947194   0.487348
14.375
  0.979536 -0.0375298  -0.197741  0.0397109
-0.0136032   0.967871   -0.25108  0.0788339
  0.200811   0.248631   0.947553   0.489989
14.4167
  0.979821 -0.0385641  -0.196123  0.0396246
-0.0118108   0.968326   -0.24941   0.078517
  0.199529   0.246693    0.94833   0.492642
14.4583
  0.979927 -0.0392118  -0.195463  0.0395022
-0.0105237   0.968924  -0.247135  0.0781797
  0.199079   0.244231   0.949062   0.495324
14.5
  0.979728 -0.0389326  -0.196514  0.0394409
-0.0107868    0.96926  -0.245804  0.0776682
  0.200043   0.242941   0.949191   0.498156
14.5417
  0.979781 -0.0384752   -0.19634  0.0383529
-0.0111129   0.969355  -0.245412  0.0767264
  0.199766   0.242632   0.949328   0.499733
14.5833
  0.979386 -0.0377867  -0.198431  0.0383333
-0.0128391   0.968716   -0.24784  0.0762524
  0.201588   0.245278   0.948262   0.502177
14.625
   0.97927 -0.0374235  -0.199071  0.0383667
-0.0140504   0.967868  -0.251067  0.0758881
   0.20207   0.248659   0.947278   0.504763
14.6667
  0.979517 -0.0376791  -0.197804   0.038353
-0.0142672   0.966881  -0.254829  0.0755084
  0.200854   0.252432   0.946539   0.507382
14.7083
  0.979941 -0.0382582  -0.195583  0.0382913
-0.0139001   0.965889  -0.258582   0.075014
  0.198805   0.256114   0.945982    0.50994
14.75
  0.980383 -0.0386738  -0.193273  0.0381802
-0.0139083   0.964544  -0.263555  0.0747655
  0.196613   0.261073   0.945084   0.512564
14.7917
  0.980563 -0.0405168  -0.191975  0.0380529
-0.0125645    0.96347   -0.26752  0.0745555
  0.195801   0.264732   0.944235   0.515024
14.8333
 0.981016 -0.041356 -0.189464 0.0369217
-0.011481  0.962896 -0.269627 0.0741956
 0.193585  0.266683  0.944142  0.516638
14.875
  0.981139 -0.0418436  -0.188718  0.0363855
-0.0111539   0.962408  -0.271379  0.0737503
  0.192979   0.268366    0.94379   0.518822
14.9167
   0.981147    -0.04368   -0.188262   0.0360282
-0.00953535    0.961997   -0.272894   0.0735124
   0.193028    0.269544    0.943444    0.521138
14.9583
   0.981139  -0.0446473   -0.188076   0.0357209
-0.00853135    0.962011   -0.272877   0.0733494
   0.193114    0.269335    0.943486    0.523446
15
   0.981138  -0.0441467   -0.188202   0.0354903
-0.00856879    0.962685   -0.270489   0.0732011
    0.19312    0.266999    0.944148    0.525789
15.0417
   0.981172  -0.0426705   -0.188366      0.0355
-0.00927866    0.963749    -0.26665    0.072999
   0.192915    0.263377    0.945207    0.528128
15.0833
  0.981365 -0.0409457  -0.187738  0.0352331
-0.0100781    0.96472  -0.263087  0.0727314
  0.191887   0.260076    0.94633   0.530292
15.125
 0.981593 -0.039255 -0.186905 0.0350697
-0.010963  0.965453 -0.260346 0.0725055
 0.190668  0.257603  0.947252   0.53239
15.1667
   0.982042  -0.0388568   -0.184619   0.0341534
-0.00991352    0.966581   -0.256169   0.0718933
   0.188404    0.253399    0.948838    0.533477
15.2083
   0.981924  -0.0391161   -0.185191   0.0342469
-0.00937844    0.967156    -0.25401   0.0716841
   0.189044    0.251155    0.949307     0.53594
15.25
   0.981743  -0.0390146   -0.186166   0.0340979
-0.00934387    0.967665   -0.252067   0.0714701
   0.189981    0.249205    0.949634     0.53806
15.2917
  0.981574 -0.0381566  -0.187235  0.0339906
-0.0102509   0.967934  -0.250995  0.0712662
  0.190808   0.248289   0.949708   0.540144
15.3333
  0.981541 -0.0370639  -0.187627  0.0339571
-0.0113465   0.968029  -0.250582  0.0710707
  0.190916   0.248086   0.949739   0.542285
15.375
  0.981637 -0.0362979  -0.187275  0.0338513
 -0.012062   0.967954  -0.250836  0.0708775
  0.190378   0.248489   0.949742   0.544395
15.4167
  0.981715 -0.0359069   -0.18694  0.0336501
-0.0124293   0.967861  -0.251177  0.0707828
  0.189951   0.248908   0.949718    0.54645
15.4583
  0.981732 -0.0352848  -0.186966  0.0334083
-0.0126328   0.968398  -0.249092  0.0706365
  0.189847   0.246903   0.950262   0.548448
15.5
  0.981702 -0.0347783  -0.187222  0.0331406
-0.0127841   0.968926   -0.24702  0.0703898
  0.189996   0.244894   0.950752   0.550394
15.5417
  0.981676 -0.0343568  -0.187434  0.0330439
-0.0130079   0.969236  -0.245791  0.0701566
  0.190112   0.243725   0.951029   0.552375
15.5833
  0.981737 -0.0353371  -0.186933  0.0327468
-0.0117849   0.969414  -0.245146   0.069943
  0.189878   0.242872   0.951294   0.554229
15.625
  0.981776 -0.0354661  -0.186705  0.0326659
-0.0116912     0.9693  -0.245604  0.0697438
  0.189683   0.243311    0.95122   0.556286
15.6667
  0.981803 -0.0358779  -0.186483  0.0325919
-0.0114892    0.96897  -0.246911  0.0696136
  0.189555    0.24456   0.950925   0.558436
15.7083
   0.98185 -0.0362597  -0.186163  0.0324631
 -0.011268   0.968669  -0.248101  0.0694604
  0.189326   0.245696   0.950678   0.560457
15.75
  0.981885 -0.0364727  -0.185935  0.0323517
-0.0112739   0.968315  -0.249478  0.0693131
  0.189143   0.247055   0.950362   0.562538
15.7917
  0.981918 -0.0369558  -0.185667  0.0322034
-0.0110561   0.967892  -0.251124  0.0692036
  0.188986   0.248636   0.949981   0.564581
15.8333
  0.981905 -0.0376883  -0.185585  0.0321061
-0.0107106   0.967375  -0.253121  0.0691657
   0.18907   0.250529   0.949467    0.56685
15.875
    0.9819 -0.0381871  -0.185508  0.0318876
-0.0105185   0.966957  -0.254724  0.0690532
  0.189106   0.252065   0.949053    0.56898
15.9167
  0.981585 -0.0383415  -0.187136  0.0322146
-0.0107125   0.967059  -0.254326  0.0679962
  0.190723   0.251648    0.94884   0.571313
15.9583
  0.981592  -0.038904  -0.186986    0.03152
-0.0107564   0.966219  -0.257497  0.0687692
  0.190687   0.254768   0.948015   0.573173
16
  0.981402 -0.0396275  -0.187829  0.0314085
 -0.010692   0.965658  -0.259596   0.068671
  0.191666   0.256776   0.947275     0.5753
16.0417
  0.981162 -0.0409123  -0.188805  0.0313481
-0.0100637   0.965167   -0.26144  0.0684497
  0.192925   0.258415   0.946574   0.577505
16.0833
   0.980888  -0.0421416   -0.189953   0.0313532
-0.00954405    0.964667   -0.263298   0.0681778
   0.194337    0.260079    0.945829    0.579837
16.125
   0.980656  -0.0428122   -0.190998   0.0313458
-0.00958116    0.964118     -0.2653   0.0678929
   0.195503    0.261998    0.945058    0.582148
16.1667
   0.980579  -0.0431175   -0.191325   0.0311857
-0.00977172    0.963581   -0.267237   0.0676465
   0.195879    0.263917    0.944446    0.584397
16.2083
    0.9806 -0.0424736  -0.191361  0.0309153
-0.0104205   0.963566  -0.267266  0.0672501
  0.195741   0.264075   0.944431   0.586686
16.25
  0.980513 -0.0408863   -0.19215  0.0308413
-0.0115704   0.964386  -0.264247  0.0669457
  0.196111   0.261321    0.94512   0.589093
16.2917
  0.980208  -0.038772  -0.194137  0.0311717
-0.0138124   0.964851  -0.262434  0.0664657
  0.197489   0.259921   0.945219   0.591444
16.3333
  0.979799 -0.0381215  -0.196316  0.0311901
-0.0153924   0.964375  -0.264089  0.0662961
   0.19939   0.261776   0.944308   0.593853
16.375
  0.979364 -0.0384352  -0.198416  0.0311933
-0.0158466   0.964124  -0.264978  0.0660325
  0.201482   0.262655   0.943619   0.596085
16.4167
  0.978953 -0.0390391  -0.200316  0.0310814
-0.0153915   0.964616  -0.263211  0.0657451
  0.203503   0.260754   0.943713   0.598285
16.4583
  0.978604 -0.0398835   -0.20185  0.0309663
-0.0144021   0.965348  -0.260567  0.0655658
  0.205248   0.257899   0.944119   0.600521
16.5
  0.978365 -0.0407176  -0.202839  0.0309581
-0.0135685   0.965702  -0.259299   0.065471
   0.20644   0.256441   0.944256   0.602767
16.5417
  0.978267 -0.0409718   -0.20326  0.0308799
-0.0134536   0.965675  -0.259405  0.0653104
  0.206911   0.256502   0.944137   0.604952
16.5833
  0.978155 -0.0400183  -0.203988  0.0310114
 -0.014302   0.966014  -0.258093  0.0646636
  0.207384   0.255372    0.94434   0.607326
16.625
  0.977966 -0.0402373   -0.20485  0.0309246
-0.0140885   0.966292  -0.257062  0.0645076
  0.208288   0.254284   0.944434   0.609383
16.6667
  0.977578 -0.0401784  -0.206706  0.0308646
-0.0144386   0.966528  -0.256153  0.0643051
  0.210079   0.253394   0.944277   0.611451
16.7083
  0.977143 -0.0394311  -0.208893  0.0308239
 -0.015891   0.966349  -0.256744  0.0641805
  0.211987   0.254195   0.943635   0.613413
16.75
  0.976752 -0.0385338  -0.210881  0.0308294
-0.0177343   0.965816  -0.258622  0.0640016
  0.213638   0.256349   0.942679   0.615342
16.7917
  0.976509 -0.0377999  -0.212136  0.0307906
-0.0193047   0.965187  -0.260847  0.0638448
  0.214611   0.258815   0.941784   0.617127
16.8333
  0.976323 -0.0372235  -0.213092  0.0307448
-0.0203368   0.964926  -0.261732  0.0635016
  0.215361   0.259869   0.941322   0.618922
16.875
  0.976108 -0.0364686  -0.214203  0.0306463
-0.0212491   0.965068  -0.261136  0.0632403
  0.216244   0.259449   0.941236   0.620643
16.9167
   0.97567 -0.0355743  -0.216339  0.0306189
-0.0220925   0.965773  -0.258445  0.0628626
  0.218128   0.256936    0.94149   0.622595
16.9583
  0.974968 -0.0351983  -0.219541  0.0306337
-0.0225039   0.966699  -0.254926  0.0626236
  0.221203   0.253486   0.941708    0.62456
17
   0.97429 -0.0347919  -0.222593  0.0306013
-0.0229376   0.967552  -0.251629  0.0623632
  0.224125   0.250265   0.941879   0.626224
17.0417
  0.973866 -0.0347749  -0.224444  0.0305815
-0.0230565   0.967967  -0.250017  0.0621827
  0.225949   0.248658   0.941869   0.627788
17.0833
  0.973728 -0.0353495  -0.224952  0.0305628
-0.0225244    0.96808  -0.249626   0.062006
  0.226596   0.248134   0.941851   0.629365
17.125
  0.973752 -0.0360393   -0.22474  0.0305375
-0.0217356   0.968149  -0.249429  0.0618024
  0.226571   0.247766   0.941954   0.630947
17.1667
  0.973822 -0.0358205  -0.224473  0.0304983
-0.0217739   0.968266  -0.248972  0.0615925
  0.226268   0.247342   0.942138   0.632524
17.2083
  0.973805 -0.0344884  -0.224752  0.0304843
-0.0229137   0.968515  -0.247899  0.0613155
  0.226226   0.246556   0.942355   0.634156
17.25
  0.973937 -0.0322376  -0.224516   0.030074
-0.0247391   0.968845   -0.24643  0.0611577
  0.225465   0.245562   0.942796   0.635646
17.2917
  0.973861 -0.0300868  -0.225142  0.0301112
 -0.026396   0.969483  -0.243734  0.0607591
  0.225604   0.243306   0.943348    0.63721
17.3333
  0.973448 -0.0292518   -0.22703  0.0304957
 -0.026927   0.970282  -0.240472  0.0603206
  0.227318   0.240201   0.943732   0.639025
17.375
  0.973538 -0.0275261  -0.226862  0.0297575
-0.0279121   0.970964  -0.237591  0.0598958
  0.226814   0.237636   0.944502   0.640475
17.4167
  0.973343 -0.0262041  -0.227851  0.0296801
-0.0289433   0.971476  -0.235366  0.0596593
   0.22752   0.235686   0.944821   0.641998
17.4583
  0.973114 -0.0256784  -0.228889  0.0296199
-0.0293782   0.971811  -0.233925  0.0594065
  0.228443    0.23436   0.944928   0.643508
17.5
  0.972952 -0.0263416    -0.2295  0.0295579
 -0.028762   0.971933  -0.233491    0.05919
   0.22921   0.233777   0.944887   0.645037
17.5417
  0.972856 -0.0278504  -0.229728  0.0294697
 -0.027273   0.972014  -0.233335  0.0589534
  0.229798   0.233267    0.94487   0.646503
17.5833
  0.972826 -0.0295996  -0.229639   0.029375
-0.0254806   0.972085  -0.233243  0.0587902
  0.230132   0.232756   0.944915   0.647979
