6.22
  0.957357 -0.0242913  -0.287886  0.0115174
 0.0272732   0.999608 0.00635133  -0.008088
  0.287618 -0.0139321   0.957644  0.0100138
6.24
   0.956415  -0.0245366    -0.29098    0.011558
  0.0276559    0.999596  0.00661152 -0.00841967
     0.2907  -0.0143707    0.956706   0.0102576
6.26
    0.95568  -0.0243563   -0.293399   0.0116065
  0.0268313     0.99963   0.0044131 -0.00642907
   0.293183  -0.0120898     0.95598   0.0103886
6.28
   0.954713  -0.0245569   -0.296515   0.0116239
  0.0270922    0.999623  0.00444357 -0.00651579
   0.296294  -0.0122756    0.955018   0.0106158
6.3
   0.953755  -0.0246819   -0.299571   0.0115552
  0.0272749    0.999618  0.00447661 -0.00658277
   0.299346  -0.0124403    0.954064   0.0107461
6.32
   0.952778  -0.0248534   -0.302648   0.0115462
  0.0275098    0.999611  0.00451704 -0.00669498
   0.302418  -0.0126295    0.953092   0.0108815
6.36
   0.950782  -0.0253065   -0.308825   0.0115363
  0.0280814    0.999595  0.00454328 -0.00682433
   0.308585  -0.0129919    0.951108   0.0112358
6.38
   0.949762  -0.0255834   -0.311927   0.0115019
  0.0284237    0.999586  0.00456196 -0.00692618
   0.311681  -0.0131989    0.950095   0.0113711
6.4
   0.948702  -0.0258838   -0.315111   0.0115361
  0.0288178    0.999574  0.00465461 -0.00707358
   0.314856  -0.0134966    0.949044   0.0116215
6.42
   0.947596  -0.0261564   -0.318398   0.0115709
  0.0291608    0.999564  0.00467251 -0.00712382
   0.318137  -0.0137124    0.947946   0.0118345
6.44
   0.946498  -0.0263746    -0.32163   0.0115253
  0.0294611    0.999555  0.00473203 -0.00723627
   0.321362  -0.0139544    0.946854   0.0119442
6.46
   0.94546 -0.0266224  -0.324648  0.0114101
 0.0297608   0.999546 0.00470461 -0.0072324
  0.324375 -0.0141098   0.945823   0.012071
6.48
    0.94446  -0.0269355   -0.327522    0.011355
  0.0301535    0.999534  0.00475028 -0.00733167
   0.327241  -0.0143624    0.944832    0.012197
6.5
   0.943533  -0.0272231   -0.330158   0.0112887
  0.0304926    0.999524  0.00472698 -0.00733784
   0.329872  -0.0145274    0.943914    0.012191
6.52
   0.942633  -0.0275364   -0.332694   0.0112248
  0.0308686    0.999512  0.00473324 -0.00734912
   0.332401  -0.0147315    0.943023   0.0122004
6.54
   0.941665  -0.0278972   -0.335395   0.0112871
   0.031308    0.999498  0.00476554 -0.00741616
   0.335094  -0.0149881    0.942066   0.0123266
6.56
   0.940619  -0.0282815   -0.338285   0.0113882
  0.0317804    0.999483  0.00480745 -0.00747823
   0.337974  -0.0152728    0.941031   0.0124745
6.58
  0.939509 -0.0285894  -0.341328  0.0114424
 0.0321797    0.99947 0.00485981  -0.007547
  0.341009 -0.0155497   0.939932  0.0126529
6.6
   0.938336  -0.0287779   -0.344526   0.0114905
  0.0324353    0.999462  0.00485542 -0.00758766
   0.344201  -0.0157308    0.938764   0.0128393
6.62
   0.937394  -0.0290189    -0.34706   0.0120842
  0.0323834    0.999468  0.00389715 -0.00723177
   0.346762  -0.0148921    0.937835   0.0137533
6.64
   0.936081  -0.0292257   -0.350569    0.012121
  0.0326636    0.999459    0.003896 -0.00733042
   0.350265  -0.0150978    0.936529   0.0139448
6.66
    0.93473  -0.0294608   -0.354137   0.0121332
  0.0329737    0.999449  0.00388828 -0.00741367
   0.353827  -0.0153117    0.935186   0.0140968
6.68
   0.933339  -0.0297426   -0.357763   0.0121376
  0.0333673    0.999435  0.00396138 -0.00756702
   0.357443  -0.0156349    0.933804   0.0142896
6.7
  0.931933 -0.0300273  -0.361386  0.0121598
 0.0337423   0.999423 0.00397252 -0.0076195
  0.361058 -0.0158961   0.932408  0.0144861
6.72
   0.930504  -0.0303419   -0.365022   0.0121783
  0.0341479    0.999409  0.00397451 -0.00770225
   0.364686  -0.0161631     0.93099   0.0146802
6.74
   0.929081    -0.03066   -0.368603   0.0121721
  0.0345505    0.999395  0.00395745 -0.00775357
   0.368258  -0.0164122    0.929579   0.0148586
6.76
   0.927655  -0.0309951    -0.37215   0.0121467
  0.0349812     0.99938  0.00396234 -0.00781387
   0.371796  -0.0166939    0.928164   0.0150422
6.78
   0.926215  -0.0312806   -0.375697    0.012163
   0.035348    0.999367  0.00393667 -0.00788044
   0.375336  -0.0169263    0.926734   0.0152461
6.8
   0.924746    -0.03148   -0.379281   0.0122121
  0.0356442    0.999357  0.00396026 -0.00801764
   0.378913  -0.0171814    0.925273   0.0154497
6.82
   0.923287   -0.031603   -0.382807   0.0122088
  0.0358274     0.99935  0.00390926 -0.00807186
   0.382435  -0.0173244     0.92382   0.0156641
6.84
   0.921812  -0.0317815   -0.386332   0.0121771
   0.036087    0.999341  0.00389532 -0.00816834
   0.385954  -0.0175323    0.922352   0.0158639
6.86
    0.92034  -0.0319604   -0.389812   0.0121524
   0.036313    0.999333  0.00379988 -0.00815772
   0.389431  -0.0176524    0.920887   0.0159728
6.88
   0.918864  -0.0322211   -0.393257   0.0121404
  0.0366464    0.999321  0.00374777 -0.00821163
   0.392869  -0.0178551    0.919421   0.0161802
6.9
  0.917395 -0.0325056  -0.396647  0.0120591
 0.0370024   0.999308 0.00368773 -0.0082679
  0.396253   -0.01806   0.917964  0.0163558
6.92
   0.915897  -0.0327569   -0.400074   0.0120706
  0.0373228    0.999297  0.00362428 -0.00836512
   0.399674  -0.0182514    0.916476   0.0165734
6.94
   0.914379  -0.0326763   -0.403539   0.0120661
   0.037071    0.999308  0.00308069 -0.00760935
   0.403159  -0.0177765    0.914957   0.0160437
6.96
   0.912756  -0.0328397   -0.407183   0.0121252
  0.0372941      0.9993  0.00300512 -0.00769172
     0.4068  -0.0179285    0.913342   0.0162769
6.98
   0.911027  -0.0329846   -0.411026   0.0121686
  0.0375197    0.999291  0.00296883 -0.00779967
   0.410636  -0.0181263    0.911619   0.0165237
7
   0.909166  -0.0331702   -0.415111   0.0122846
  0.0377892    0.999281  0.00291557 -0.00792745
   0.414716  -0.0183374    0.909766   0.0168336
7.02
   0.907196  -0.0333785   -0.419383   0.0123612
  0.0380935     0.99927  0.00287128 -0.00803703
   0.418981  -0.0185806    0.907805   0.0171579
7.04
   0.905135  -0.0336766   -0.423788   0.0124079
  0.0384952    0.999255  0.00281239 -0.00814316
   0.423378  -0.0188594    0.905757    0.017429
7.06
   0.903071  -0.0340579   -0.428139   0.0123855
  0.0389792    0.999236  0.00273074 -0.00822711
   0.427719  -0.0191546    0.903709   0.0176467
7.08
    0.90106  -0.0344655   -0.432322   0.0122602
  0.0394904    0.999216  0.00264795 -0.00827614
   0.431892  -0.0194586    0.901715   0.0177738
7.1
   0.899057   -0.034947   -0.436435   0.0122212
   0.040102    0.999192  0.00260104 -0.00832766
   0.435992  -0.0198404    0.899732   0.0179787
7.12
   0.897143  -0.0354483   -0.440315   0.0121508
  0.0407134    0.999168  0.00251384 -0.00832391
    0.43986   -0.020182     0.89784   0.0181121
7.14
   0.895315  -0.0358514   -0.443988   0.0120305
  0.0412603    0.999145  0.00252291 -0.00842744
   0.443518  -0.0205779    0.896029   0.0183389
7.16
   0.893645  -0.0361004   -0.447321   0.0118334
  0.0416243     0.99913  0.00252244 -0.00847121
   0.446841  -0.0208736     0.89437   0.0184757
7.18
    0.89213  -0.0363282   -0.450316   0.0116337
  0.0419454    0.999117  0.00249739 -0.00842765
   0.449828  -0.0211167    0.892866   0.0184565
7.2
   0.890822  -0.0365701   -0.452879   0.0113649
  0.0423153    0.999101  0.00255735 -0.00840993
   0.452379  -0.0214418    0.891568   0.0184545
7.22
   0.889682  -0.0368969   -0.455087   0.0111548
  0.0427615    0.999082  0.00259538 -0.00837341
   0.454573  -0.0217692    0.890443   0.0184495
7.24
  0.888686 -0.0373586  -0.456991  0.0109694
 0.0433996   0.999054 0.00272514  -0.008416
  0.456457  -0.022255   0.889467  0.0185203
7.26
    0.88603  -0.0366796   -0.462175   0.0150003
  0.0435114    0.999044  0.00412803 -0.00916035
   0.461582  -0.0237674    0.886779   0.0176782
7.28
   0.885059  -0.0371864    -0.46399   0.0150373
   0.044281    0.999009   0.0044005 -0.00925673
   0.463367  -0.0244407    0.885829   0.0178522
7.3
    0.88402   -0.037758   -0.465921   0.0150665
  0.0451362     0.99897  0.00468383 -0.00931199
   0.465264  -0.0251705    0.884814   0.0179982
7.32
   0.882908  -0.0383499   -0.467978   0.0150802
   0.046073    0.998925  0.00506333 -0.00942714
   0.467281  -0.0260316    0.883726   0.0181207
7.34
   0.881709  -0.0388452   -0.470192   0.0151878
  0.0469311    0.998883  0.00548236 -0.00949857
   0.469454  -0.0269004    0.882547   0.0183774
7.36
  0.880384 -0.0393526  -0.472626  0.0153514
 0.0477811   0.998841 0.00583693 -0.0095434
  0.471849 -0.0277213   0.881244  0.0185997
7.38
   0.87885 -0.0398017  -0.475436  0.0155957
 0.0485704   0.998801 0.00616723 -0.0096475
   0.47462 -0.0285122   0.879729  0.0189251
7.4
   0.877116   -0.040174   -0.478595   0.0158399
     0.0492    0.998769  0.00633007 -0.00966096
   0.477752  -0.0290991    0.878013   0.0192501
7.42
    0.87534  -0.0403226   -0.481824   0.0160496
  0.0495168    0.998753   0.0063752 -0.00970985
   0.480966  -0.0294389    0.876245   0.0196347
7.44
   0.873693  -0.0402378   -0.484811    0.016054
  0.0495145    0.998753  0.00633818 -0.00976548
   0.483952  -0.0295428    0.874596   0.0198596
7.46
    0.87231  -0.0399767   -0.487315   0.0157696
  0.0492944    0.998764  0.00630534 -0.00982668
   0.486461  -0.0295221    0.873203   0.0199065
7.48
    0.87124  -0.0397908   -0.489242   0.0153283
  0.0491103    0.998774  0.00622366 -0.00975761
   0.488394  -0.0294491    0.872126   0.0196445
7.5
   0.87037 -0.0396597  -0.490798  0.0149563
 0.0490656   0.998776 0.00630414 -0.0098124
  0.489947 -0.0295682   0.871251  0.0195903
7.52
   0.869662  -0.0396244   -0.492055   0.0147493
  0.0491658     0.99877  0.00646666 -0.00985755
   0.491193  -0.0298161     0.87054   0.0195228
7.54
  0.869065 -0.0396287  -0.493109  0.0146939
 0.0493061   0.998762 0.00663253  -0.009852
  0.492235 -0.0300773   0.869943   0.019592
7.56
   0.868529  -0.0397096   -0.494046   0.0146194
  0.0494909    0.998752  0.00672853 -0.00984186
   0.493162  -0.0302947     0.86941   0.0196131
7.58
   0.867978  -0.0398732   -0.494999   0.0146024
  0.0497633    0.998738  0.00680934 -0.00985567
   0.494103  -0.0305432    0.868867   0.0196926
7.6
   0.867213  -0.0401486   -0.496316   0.0148202
  0.0501805    0.998716  0.00689103 -0.00993343
   0.495403  -0.0308814    0.868114   0.0198503
7.62
  0.866286 -0.0404554  -0.497907  0.0149851
 0.0506419   0.998693 0.00696497  -0.009967
  0.496974 -0.0312486   0.867203  0.0199988
7.64
  0.864999 -0.0407539  -0.500117  0.0154405
 0.0511439   0.998666 0.00707808 -0.0101574
  0.499161 -0.0317005   0.865929  0.0203568
7.66
  0.863558 -0.0408959  -0.502588  0.0157319
  0.051459   0.998649 0.00715726 -0.0102057
  0.501617 -0.0320434   0.864496  0.0205958
7.68
  0.861815 -0.0408668  -0.505574  0.0161842
 0.0516235    0.99864 0.00727615 -0.0103389
  0.504589 -0.0323702   0.862753  0.0209846
7.7
  0.860301 -0.0407051  -0.508158  0.0160044
 0.0515582   0.998643 0.00729251 -0.0104101
  0.507172 -0.0324735   0.861233  0.0211756
8.36
  0.796883 -0.0473988  -0.602271  0.0143529
 0.0629128   0.998008 0.00469845 -0.0122526
  0.600849 -0.0416347   0.798278  0.0267244
8.4
  0.791904 -0.0482752  -0.608735  0.0140987
 0.0642889   0.997921 0.00449418 -0.0123995
  0.607252 -0.0426938   0.793361  0.0269509
8.42
  0.785385 -0.0472519  -0.617202  0.0204105
 0.0654005   0.997836   0.006829 -0.0145153
  0.615543 -0.0457287   0.786775   0.027784
8.44
  0.782226 -0.0479385  -0.621148  0.0205999
   0.06657   0.997758 0.00682892 -0.0148282
  0.619428 -0.0466916   0.783664  0.0283374
8.46
  0.778778 -0.0485622  -0.625417  0.0207568
 0.0677464   0.997679 0.00689131 -0.0152348
  0.623631 -0.0477366    0.78026  0.0289931
8.48
  0.775136 -0.0490645  -0.629886  0.0210075
 0.0686133   0.997621  0.0067265 -0.0153451
  0.628057 -0.0484325   0.776658  0.0296849
8.5
  0.771572 -0.0493918  -0.634221  0.0208567
 0.0692532   0.997578 0.00656201 -0.0154984
  0.632361 -0.0489849   0.773124  0.0300999
8.52
   0.76845 -0.0493599  -0.638003  0.0203531
 0.0694163   0.997567 0.00643125 -0.0156507
  0.636133 -0.0492299   0.770007  0.0303042
8.54
   0.76616 -0.0491527  -0.640768  0.0194998
 0.0691453   0.997588  0.0061523 -0.0155451
   0.63892 -0.0490197    0.76771  0.0301857
8.56
  0.764376 -0.0489573   -0.64291   0.018803
 0.0690871   0.997592 0.00617367 -0.0157318
  0.641059 -0.0491358   0.765917  0.0300063
8.58
  0.762628 -0.0489959  -0.644979  0.0185572
 0.0693755   0.997571 0.00624956 -0.0159185
  0.643106 -0.0495118   0.764175  0.0300185
8.6
  0.760615 -0.0494722  -0.647315  0.0186146
  0.070145   0.997518 0.00618543 -0.0159451
  0.645402 -0.0501106   0.762197   0.030013
8.62
  0.758183 -0.0501782  -0.650108  0.0187896
 0.0712409   0.997441 0.00609719 -0.0159949
  0.648138 -0.0509371   0.759817  0.0301801
8.64
  0.752478 -0.0489636  -0.656795  0.0232993
 0.0725112   0.997329 0.00872463 -0.0183309
  0.654613 -0.0541901   0.754019  0.0314861
8.66
   0.74927 -0.0494135  -0.660419  0.0235907
 0.0731201   0.997288 0.00833894 -0.0181886
  0.658216  -0.054538   0.750851  0.0319424
8.68
  0.745711 -0.0491722  -0.664452   0.023929
 0.0733168   0.997273  0.0084807 -0.0186796
  0.662223 -0.0550397   0.747283  0.0326302
8.7
  0.742222 -0.0490831  -0.668355  0.0238756
 0.0733249   0.997274 0.00819035 -0.0187278
  0.666131 -0.0550861   0.743798  0.0328108
8.72
  0.738616  -0.049036  -0.672341  0.0238183
 0.0734558   0.997267 0.00796268 -0.0188864
  0.670113 -0.0552687   0.740199  0.0330486
8.74
   0.73516 -0.0492236  -0.676104   0.023525
 0.0738825   0.997237 0.00773243 -0.0190174
  0.673855 -0.0556368   0.736766  0.0331233
8.76
  0.731815 -0.0496374  -0.679693  0.0231905
 0.0747038   0.997177 0.00760945 -0.0192323
  0.677397 -0.0563444   0.733457  0.0331778
8.78
  0.728541 -0.0501856  -0.683162  0.0229175
 0.0757113   0.997102 0.00749259  -0.019374
  0.680806 -0.0571817   0.730229  0.0333513
8.8
   0.72515 -0.0507781  -0.686716  0.0227998
 0.0769191   0.997009 0.00750192 -0.0196428
  0.684281 -0.0582616   0.726887  0.0337757
8.82
  0.721557 -0.0513753  -0.690447  0.0228436
  0.078052   0.996922 0.00738901 -0.0198102
  0.687942 -0.0592223   0.723346  0.0341559
8.84
  0.717384 -0.0517664  -0.694752  0.0232566
 0.0791702   0.996833 0.00747454 -0.0202717
  0.692165 -0.0603658    0.71921  0.0348927
8.86
  0.713423 -0.0521546   -0.69879  0.0230912
 0.0798061   0.996785 0.00708165 -0.0201854
  0.696174 -0.0608199   0.715292  0.0350204
8.88
  0.709148 -0.0523462  -0.703114  0.0231258
 0.0803558   0.996743 0.00683877   -0.02031
  0.700466  -0.061349   0.711044  0.0354558
8.9
  0.702673 -0.0508933  -0.709691  0.0263409
 0.0800995   0.996756 0.00782808 -0.0211313
   0.70699 -0.0623464    0.70447  0.0361783
8.92
  0.698113 -0.0512703  -0.714149  0.0262738
  0.081049   0.996681 0.00767523 -0.0214784
  0.711385 -0.0632393   0.699951  0.0364933
8.94
  0.693263 -0.0518847  -0.718814  0.0262658
  0.082307   0.996579 0.00744729 -0.0218327
  0.715969 -0.0643264   0.695162  0.0369398
8.96
  0.688532 -0.0526336  -0.723293  0.0260111
 0.0835617   0.996478 0.00703274 -0.0220066
  0.720375 -0.0652819   0.690505  0.0371512
8.98
  0.683916 -0.0532187  -0.727617  0.0256588
 0.0845874   0.996394 0.00662971 -0.0221046
  0.724641 -0.0660814   0.685951  0.0372962
9
  0.679378 -0.0536925  -0.731821  0.0254147
 0.0854897   0.996319 0.00626513  -0.022228
  0.728791 -0.0668196   0.681468  0.0374413
9.04
   0.67015 -0.0545284   -0.74022  0.0252474
 0.0867938   0.996213 0.00519162  -0.022144
  0.737133 -0.0677257   0.672345  0.0377536
9.06
   0.66506 -0.0548285  -0.744774  0.0263142
 0.0867233   0.996224 0.00410149 -0.0211217
  0.741737  -0.067317   0.667304  0.0371825
9.08
  0.660284 -0.0552679   -0.74898  0.0262259
  0.087566   0.996152 0.00368932 -0.0212212
  0.745894 -0.0680212   0.662582  0.0374502
9.1
   0.65546 -0.0557354   -0.75317  0.0260789
 0.0885431   0.996067 0.00334618 -0.0214499
  0.750021 -0.0688813   0.657817  0.0376924
9.12
  0.650592 -0.0562053  -0.757345  0.0259259
 0.0894801   0.995984 0.00295177 -0.0215883
  0.754138 -0.0696877   0.653009  0.0379469
9.16
  0.640868 -0.0568183  -0.765545  0.0256885
 0.0907759   0.995869  0.0020792 -0.0217932
  0.762265 -0.0708255   0.643379  0.0383186
9.18
  0.635808 -0.0569813  -0.769741   0.025585
  0.091308   0.995821 0.00170332 -0.0219532
  0.766427 -0.0713665   0.638354  0.0386868
9.2
  0.630776 -0.0571699  -0.773856  0.0254311
 0.0918124   0.995776 0.00127236 -0.0220496
  0.770514 -0.0718522    0.63336  0.0388755
9.22
   0.625814  -0.0574855   -0.777851   0.0252451
  0.0924539    0.995717 0.000796686  -0.0221518
   0.774474   -0.072414    0.628448   0.0390395
9.24
    0.620965   -0.0578543      -0.7817    0.0251924
   0.0926058     0.995703 -0.000128734   -0.0213848
    0.778348     -0.07231     0.623655    0.0388007
9.26
    0.616244   -0.0579879    -0.785418    0.0250689
   0.0930828     0.995658 -0.000476769    -0.021516
    0.782035   -0.0728151     0.618966    0.0391215
9.28
    0.611715   -0.0580245    -0.788947     0.024953
   0.0933908     0.995629 -0.000814204   -0.0216649
    0.785546   -0.0731824      0.61446    0.0392107
9.32
   0.602485   -0.058604   -0.795976   0.0247158
  0.0945725    0.995517 -0.00171205  -0.0218041
   0.792507   -0.074246    0.605326    0.039592
9.34
   0.59793 -0.0590687  -0.799369   0.024586
 0.0954906   0.995428 -0.0021291  -0.021936
   0.79584 -0.0750592   0.600836  0.0396891
9.36
   0.593429  -0.0595653   -0.802679   0.0244765
    0.09637    0.995342 -0.00261506  -0.0219818
   0.799096  -0.0758024    0.596405   0.0398393
9.38
   0.589108  -0.0598858   -0.805832   0.0243651
  0.0970435    0.995276 -0.00302018  -0.0220616
   0.802206  -0.0764216    0.592136   0.0399146
9.4
   0.585016  -0.0599851     -0.8088   0.0242511
  0.0973894    0.995241 -0.00336948  -0.0221349
   0.805153  -0.0767973    0.588074   0.0399837
9.42
   0.581196  -0.0600209   -0.811547   0.0240757
  0.0975862     0.99522 -0.00371788  -0.0221603
   0.807891  -0.0770349    0.584276   0.0400098
9.44
  0.577499 -0.0602126  -0.814168  0.0239748
 0.0980553   0.995173 -0.0040473 -0.0222077
  0.810482 -0.0774962   0.580615  0.0400819
9.46
   0.573896  -0.0605461   -0.816687   0.0238735
  0.0986512    0.995112 -0.00445055  -0.0222216
   0.812965   -0.078013    0.577063   0.0401862
9.48
  0.569517  -0.060595  -0.819743  0.0250719
 0.0981976   0.995153 -0.0053383 -0.0212494
  0.816093 -0.0774566   0.572707  0.0403504
9.5
   0.566405  -0.0607961   -0.821881   0.0249601
  0.0986746    0.995104 -0.00560733  -0.0213155
   0.818198  -0.0779228    0.569631   0.0404177
9.52
   0.563533  -0.0608498   -0.823849   0.0248592
  0.0988731    0.995083 -0.00586553  -0.0213015
   0.820155  -0.0781511    0.566779   0.0404467
9.54
   0.560876  -0.0608706   -0.825659   0.0247541
  0.0990684    0.995062 -0.00606185  -0.0213797
   0.821951  -0.0783968    0.564137   0.0404876
9.56
   0.558303  -0.0610196    -0.82739   0.0246689
  0.0994058    0.995027 -0.00630609  -0.0213806
   0.823661  -0.0787267    0.561592   0.0405772
9.58
  0.555643 -0.0612448  -0.829162  0.0245699
 0.0999711   0.994969 -0.0064987 -0.0215033
  0.825389 -0.0792813    0.55897  0.0407557
9.6
   0.552775  -0.0615506   -0.831055   0.0245213
   0.100607    0.994903 -0.00676746  -0.0215969
   0.827235  -0.0798687     0.55615    0.040943
9.62
   0.549786  -0.0617522    -0.83302   0.0244648
    0.10107    0.994854 -0.00704342  -0.0216796
   0.829168  -0.0803213    0.553199   0.0410341
9.64
   0.546786  -0.0617389   -0.834993   0.0243325
   0.101293     0.99483 -0.00722652  -0.0217937
   0.831123  -0.0806277    0.550213   0.0412041
9.66
   0.544284  -0.0616524   -0.836633   0.0241463
   0.100995    0.994858 -0.00760868  -0.0216059
     0.8328   -0.080354    0.547711   0.0410441
9.68
   0.542051  -0.0615924   -0.838085   0.0240388
   0.101008    0.994855 -0.00778442   -0.021631
   0.834253  -0.0804337    0.545484   0.0412476
9.7
   0.539676  -0.0616905    -0.83961   0.0238536
   0.101369    0.994817 -0.00793756  -0.0218036
   0.835748  -0.0808265    0.543132   0.0415248
9.72
   0.536954  -0.0619635   -0.841333   0.0238071
   0.101865    0.994764 -0.00825135  -0.0218803
   0.837439  -0.0812719    0.540455   0.0417706
9.74
   0.534104  -0.0621642    -0.84313   0.0236669
   0.102385    0.994709 -0.00848151   -0.022066
   0.839196  -0.0817938    0.537643   0.0420297
9.76
   0.530915    -0.06226   -0.845135   0.0235716
   0.102778    0.994666 -0.00871064  -0.0222482
   0.841169  -0.0822365    0.534482   0.0422316
9.78
  0.526322 -0.0616313  -0.848049  0.0240373
  0.103361   0.994611 -0.0081339 -0.0232559
   0.84398 -0.0833741   0.529856  0.0438266
9.8
    0.52274  -0.0617146   -0.850255   0.0239488
   0.103693    0.994574 -0.00843899  -0.0233907
   0.846162   -0.083754    0.526303   0.0439615
9.82
   0.519024  -0.0618462   -0.852519    0.023802
   0.104063    0.994532 -0.00879397   -0.023453
   0.848402  -0.0841512    0.522622   0.0440699
9.84
   0.515136  -0.0620543   -0.854859   0.0236715
   0.104691    0.994463 -0.00910167    -0.02364
   0.850691  -0.0848075     0.51878   0.0442676
9.86
   0.511034   -0.062244   -0.857304   0.0234895
   0.105255      0.9944 -0.00945584  -0.0237545
   0.853092  -0.0854033    0.514724   0.0444989
9.88
   0.506859  -0.0623734   -0.859769   0.0233403
   0.105632    0.994356 -0.00986419   -0.023843
   0.855532  -0.0858191    0.510587   0.0447044
9.9
   0.50271 -0.0623372  -0.862205  0.0231803
  0.105899   0.994325  -0.010145 -0.0240084
  0.857944 -0.0862065   0.506458  0.0448579
9.92
  0.498594 -0.0624263  -0.864585  0.0230062
  0.106246   0.994284 -0.0105203 -0.0240859
    0.8603 -0.0866135   0.502377  0.0448837
9.94
  0.494562 -0.0624511  -0.866896  0.0228669
  0.106682   0.994235 -0.0107628 -0.0242107
   0.86257 -0.0871593   0.498373  0.0449873
9.96
  0.490774 -0.0625131  -0.869041  0.0227101
  0.107066   0.994191 -0.0110522 -0.0242223
  0.864684 -0.0876203   0.494616  0.0449829
9.98
  0.487334 -0.0625793   -0.87097  0.0225848
  0.107345   0.994157 -0.0113673 -0.0241924
  0.866592 -0.0879549   0.491204  0.0449669
10
  0.484244 -0.0626689  -0.872686  0.0224677
  0.107508   0.994135 -0.0117351  -0.024102
  0.868303 -0.0881384   0.488142  0.0450012
10.02
  0.481529  -0.062728  -0.874182  0.0223367
  0.107693   0.994112 -0.0120125 -0.0241417
  0.869788 -0.0883593   0.485449  0.0450023
10.04
  0.478968 -0.0627883  -0.875584  0.0222557
  0.107942   0.994082 -0.0122384  -0.024217
  0.871171 -0.0886507   0.482911  0.0450485
10.06
  0.474584 -0.0619131   -0.87803  0.0242695
  0.107919    0.99409 -0.0117658 -0.0245924
   0.87357 -0.0891721    0.47846  0.0458454
10.08
  0.472306 -0.0621017  -0.879244  0.0243116
  0.108112   0.994065 -0.0121369 -0.0245395
   0.87478 -0.0893244   0.476216  0.0457585
10.1
  0.470285 -0.0621053  -0.880327  0.0242214
  0.108267   0.994046 -0.0122901 -0.0246417
  0.875848 -0.0895301   0.474209  0.0457192
10.12
  0.468407 -0.0620536  -0.881331  0.0241648
  0.108393   0.994031 -0.0123805 -0.0246975
  0.876839 -0.0897307   0.472337  0.0456868
10.14
  0.466619 -0.0621034  -0.882276  0.0240685
  0.108509   0.994016 -0.0125803 -0.0246427
  0.877777 -0.0898649   0.470565  0.0457332
10.16
  0.464839 -0.0621328  -0.883212  0.0240338
  0.108802   0.993983 -0.0126622 -0.0247764
  0.878685 -0.0902096   0.468802  0.0458141
10.18
  0.462745 -0.0621705  -0.884309  0.0239868
  0.109082    0.99395  -0.012798 -0.0248503
  0.879755 -0.0905396   0.466727   0.046027
10.2
  0.460541 -0.0622436  -0.885454  0.0239193
  0.109348   0.993919 -0.0129946  -0.024961
  0.880878 -0.0908376   0.464546  0.0460862
10.22
  0.458224 -0.0622635  -0.886653  0.0237906
  0.109594   0.993889 -0.0131554 -0.0250863
  0.882054 -0.0911441   0.462247  0.0461677
10.24
  0.455623 -0.0623472  -0.887987  0.0237078
  0.109909   0.993851 -0.0133861 -0.0251562
  0.883362  -0.091499   0.459674  0.0463356
10.26
  0.452873 -0.0624144  -0.889388  0.0235321
  0.110261    0.99381 -0.0135978 -0.0253031
  0.884731 -0.0919068   0.456951  0.0464867
10.28
  0.449926 -0.0625085  -0.890875  0.0234253
  0.110615   0.993767 -0.0138629 -0.0254247
  0.886189 -0.0923072   0.454036  0.0465709
10.3
  0.446715 -0.0626036  -0.892483  0.0232777
  0.111025   0.993717 -0.0141332 -0.0255646
  0.887761 -0.0927746   0.450859  0.0467265
10.32
  0.443321 -0.0626985  -0.894167  0.0231051
  0.111506    0.99366 -0.0143908 -0.0257616
    0.8894 -0.0933256   0.447502  0.0468955
10.34
  0.439744 -0.0627836  -0.895926   0.022901
  0.111961   0.993604 -0.0146754 -0.0259159
  0.891118  -0.093855    0.44396  0.0470594
10.36
  0.433531 -0.0612691  -0.899053  0.0250497
  0.112128     0.9936 -0.0136435 -0.0269428
  0.894135 -0.0948938   0.437627  0.0487415
11.02
   0.377772  -0.0618838   -0.923828   -0.145705
   0.120209    0.992597  -0.0173344 -0.00750427
   0.918062   -0.104504    0.382414    0.124508
11.04
   0.333771  -0.0517482   -0.941233   -0.305859
   0.132552    0.991148   -0.007488 -0.00163946
   0.933288   -0.122263    0.337676    0.167621
11.06
   0.292055  -0.0422724   -0.955467   -0.327212
   0.135314      0.9908 -0.00247458  -0.0054655
   0.946781   -0.128565    0.295088    0.170759
11.08
  0.281291 -0.0502594  -0.958305  -0.349381
  0.184615   0.982807  0.0026456 -0.0156948
  0.941697  -0.177662   0.285733   0.185137
11.1
  0.288381 -0.0418279  -0.956602  -0.335933
  0.191896   0.981301   0.014942 -0.0349633
   0.93809  -0.187877   0.291016   0.167365
11.12
  0.284774 -0.0418587   -0.95768  -0.336004
  0.192178   0.981256  0.0142566 -0.0349315
  0.939133  -0.188105   0.287481    0.16751
11.14
  0.281536 -0.0418144  -0.958639  -0.336243
  0.192095   0.981282  0.0136131  -0.034798
  0.940126  -0.187982   0.284299   0.167519
11.16
  0.278607 -0.0418285  -0.959494  -0.336461
  0.192306   0.981248  0.0130628 -0.0347176
  0.940955  -0.188156   0.281426   0.167617
11.18
   0.27597 -0.0418063  -0.960257  -0.336223
  0.192478    0.98122  0.0125976 -0.0347035
  0.941697  -0.188305   0.278834   0.167619
11.2
  0.273679 -0.0417833  -0.960913  -0.336497
  0.192468   0.981228  0.0121504 -0.0345756
  0.942367   -0.18827   0.276584   0.167752
11.22
 0.271744  -0.04193 -0.961456 -0.336554
 0.192877  0.981153 0.0117254 -0.034525
 0.942843 -0.188629   0.27471  0.167698
11.24
  0.269796  -0.041789   -0.96201  -0.336733
  0.192596   0.981212  0.0113905 -0.0344083
   0.94346  -0.188353   0.272775   0.167666
11.26
  0.267786 -0.0418593  -0.962569  -0.336872
   0.19297   0.981143  0.0110172 -0.0343578
  0.943956  -0.188697   0.270814   0.167749
11.28
  0.265717 -0.0416882  -0.963149  -0.336803
  0.192846    0.98117  0.0107348 -0.0343902
  0.944566  -0.188592   0.268753    0.16775
11.3
  0.263857 -0.0417414  -0.963658  -0.337143
  0.193088   0.981127  0.0103709 -0.0343269
  0.945038  -0.188807   0.266937   0.167876
11.32
  0.262085 -0.0417403  -0.964142  -0.336862
  0.193137    0.98112  0.0100256 -0.0343245
  0.945521  -0.188839   0.265198   0.167847
11.34
   0.26085 -0.0416982  -0.964478  -0.337006
  0.192935   0.981163 0.00976112 -0.0341867
  0.945904  -0.188628   0.263981   0.167818
11.36
  0.259739  -0.041691  -0.964779  -0.337055
  0.193112    0.98113 0.00959236 -0.0341769
  0.946173  -0.188802   0.262889   0.167901
11.38
  0.258803 -0.0417507  -0.965027  -0.337001
  0.193399   0.981075 0.00942115 -0.0342224
  0.946371  -0.189073    0.26198   0.167802
11.4
  0.257691 -0.0417331  -0.965326  -0.336878
  0.193586    0.98104  0.0092648 -0.0343093
  0.946636  -0.189261   0.260884   0.167744
11.42
  0.256218 -0.0417967  -0.965715  -0.336997
  0.193709   0.981018 0.00893477 -0.0341794
  0.947011  -0.189357   0.259451   0.167911
11.44
  0.254648 -0.0418792  -0.966126   -0.33696
  0.194237   0.980916 0.00867598 -0.0342813
  0.947326  -0.189867   0.257923   0.167898
11.46
  0.252609 -0.0419279   -0.96666  -0.336974
  0.194527   0.980862 0.00829015  -0.034318
  0.947812  -0.190136    0.25593    0.16789
11.48
  0.250424 -0.0418657  -0.967231  -0.337236
  0.194763   0.980818 0.00797191 -0.0343654
  0.948343  -0.190377   0.253774   0.167921
11.52
   0.24574 -0.0417698  -0.968435   -0.33751
   0.19503   0.980771   0.007187 -0.0343525
  0.949513   -0.19064   0.249161   0.168051
11.54
  0.243672 -0.0416592  -0.968963  -0.337412
  0.195029   0.980773 0.00687843 -0.0343932
  0.950046  -0.190652   0.247111   0.167994
11.56
  0.241818 -0.0416601  -0.969427  -0.337151
  0.195459    0.98069 0.00661212 -0.0345484
  0.950431  -0.191082   0.245291    0.16802
11.58
  0.240185 -0.0418747  -0.969823  -0.336978
  0.195803   0.980624 0.00615149 -0.0344306
  0.950774  -0.191372   0.243731   0.167969
11.6
  0.238729 -0.0419072  -0.970182  -0.337286
  0.196243   0.980537 0.00593431 -0.0344596
  0.951051  -0.191808   0.242307   0.168068
11.62
   0.23623 -0.0427762  -0.970755  -0.351187
  0.198486    0.98009  0.0051134 -0.0360858
  0.951209  -0.193889   0.240018   0.175643
11.64
  0.234271 -0.0428268  -0.971228  -0.351244
  0.198804   0.980028 0.00473894 -0.0360833
  0.951627  -0.194195   0.238106   0.175664
11.66
  0.232048 -0.0428522   -0.97176  -0.351241
  0.199102   0.979969 0.00432963 -0.0360897
  0.952109  -0.194484   0.235932   0.175652
11.7
  0.227235 -0.0428899  -0.972895  -0.351287
  0.199602   0.979871 0.00342292 -0.0360864
  0.953165   -0.19497   0.231222   0.175686
11.72
  0.224911 -0.0428424  -0.973437  -0.351313
  0.199706   0.979851 0.00301691 -0.0360823
  0.953694   -0.19508   0.228935   0.175689
11.74
  0.222767 -0.0428254  -0.973931  -0.351339
  0.199891   0.979815 0.00263677 -0.0360862
  0.954159  -0.195267    0.22683   0.175711
11.76
  0.220689 -0.0428041  -0.974404  -0.351335
  0.199994   0.979795 0.00225507 -0.0360711
   0.95462  -0.195373   0.224791   0.175714
11.78
   0.21857 -0.0428867  -0.974878  -0.351413
  0.200353   0.979722 0.00181977 -0.0360592
  0.955032  -0.195717    0.22273   0.175748
11.82
   0.213505  -0.0431404   -0.975989   -0.351506
   0.201394     0.97951 0.000760488  -0.0360868
   0.955958   -0.196721    0.217819    0.175759
11.86
    0.207026   -0.0432942    -0.977377    -0.351593
     0.20216     0.979352 -0.000560638   -0.0360621
    0.957221     -0.19747     0.211504     0.175792
11.9
   0.199984  -0.0435082   -0.978833   -0.351855
   0.203152    0.979145 -0.00201634  -0.0360559
   0.958507   -0.198448    0.204652    0.175865
11.92
   0.196067  -0.0437148   -0.979616   -0.351906
   0.203879    0.978992 -0.00288114  -0.0360456
   0.959162   -0.199159     0.20086    0.175881
11.94
   0.193449  -0.0444577   -0.980103    -0.35577
   0.206722    0.978393 -0.00357812  -0.0370118
   0.959085   -0.201917     0.19846    0.176677
11.96
   0.189117  -0.0442425   -0.980957   -0.355606
   0.206577    0.978421 -0.00430247   -0.036993
    0.95998    -0.20183    0.194175    0.176676
12.06
    0.17237  -0.0442592   -0.984038   -0.355892
   0.208126    0.978073 -0.00753445  -0.0369493
   0.962794   -0.203505    0.177801     0.17685
12.08
   0.168844  -0.0443788   -0.984643   -0.356015
   0.208663    0.977952 -0.00829628  -0.0369237
   0.963302   -0.204058    0.174381    0.176892
12.12
  0.160378 -0.0445444   -0.98605  -0.356301
  0.209653   0.977724 -0.0100688 -0.0368888
  0.964533  -0.205114   0.166145   0.176966
12.24
  0.133678 -0.0447384  -0.990014  -0.356904
   0.21223   0.977097  -0.015498  -0.036807
  0.968033  -0.208039   0.140111   0.177161
12.26
  0.130812 -0.0443698  -0.990414  -0.363505
  0.217911   0.975854 -0.0149363 -0.0366276
  0.967162  -0.213868   0.137322   0.180317
12.28
  0.125779 -0.0443926  -0.991065  -0.363656
  0.218374   0.975734 -0.0159915 -0.0366166
  0.967725  -0.214411   0.132421   0.180351
12.3
  0.120456  -0.044411  -0.991725   -0.36383
  0.218753    0.97563 -0.0171203 -0.0365906
  0.968317  -0.214881   0.127236   0.180416
12.32
  0.114993 -0.0444533  -0.992371  -0.364035
  0.219208   0.975507 -0.0182967 -0.0365511
  0.968878  -0.215432   0.121921   0.180489
12.34
  0.109534 -0.0444827  -0.992987  -0.364131
  0.219646   0.975385 -0.0194657  -0.036525
  0.969411  -0.215973   0.116608   0.180525
12.36
  0.104298 -0.0444947   -0.99355  -0.364266
  0.220085   0.975264 -0.0205724 -0.0365049
  0.969889  -0.216519   0.111511   0.180591
12.38
 0.0993594 -0.0444902  -0.994057  -0.364368
  0.220408   0.975168 -0.0216143 -0.0364918
  0.970334   -0.21695   0.106698   0.180642
12.4
 0.0947197 -0.0444957  -0.994509  -0.364504
  0.220722   0.975075  -0.022604 -0.0364742
  0.970727  -0.217369    0.10218   0.180678
12.42
 0.0901974 -0.0444881   -0.99493  -0.364642
  0.221069   0.974974 -0.0235543 -0.0364557
  0.971078  -0.217824   0.097775   0.180725
12.44
 0.0857184 -0.0445188  -0.995324  -0.364828
  0.221579   0.974834 -0.0245197 -0.0364355
  0.971368  -0.218441  0.0934257   0.180802
12.46
  0.081193  -0.044528  -0.995703   -0.36494
   0.22197    0.97472 -0.0254894 -0.0364251
  0.971667  -0.218947  0.0890244   0.180819
12.5
 0.0716459 -0.0445782  -0.996433  -0.365236
  0.222781   0.974478 -0.0275775 -0.0363847
  0.972232  -0.220011  0.0797485   0.180905
12.52
 0.0668481 -0.0445486  -0.996768  -0.365328
  0.223092   0.974378 -0.0285863 -0.0363764
  0.972503   -0.22046  0.0750738   0.180934
12.54
  0.062169 -0.0445564  -0.997071   -0.36547
  0.223423   0.974272 -0.0296068 -0.0363581
  0.972737  -0.220928  0.0705244   0.180969
12.56
 0.0588857 -0.0445822  -0.997269  -0.371655
  0.226351   0.973579 -0.0301579 -0.0360665
  0.972264  -0.223957  0.0674211   0.183927
12.58
 0.0544599 -0.0445587  -0.997521  -0.371809
  0.226704   0.973467 -0.0311073  -0.036055
   0.97244  -0.224448  0.0631165   0.183984
12.6
 0.0500927  -0.044569   -0.99775  -0.372002
  0.227045   0.973356 -0.0320804 -0.0360187
  0.972595  -0.224927  0.0588771   0.184054
12.62
 0.0456836 -0.0445586  -0.997962  -0.372212
  0.227418   0.973236 -0.0330441 -0.0359986
  0.972725  -0.225445  0.0545944   0.184111
12.64
 0.0410427  -0.044578  -0.998162  -0.372409
  0.227735   0.973126 -0.0340958 -0.0359787
  0.972858  -0.225917  0.0500917   0.184166
12.66
 0.0362309 -0.0445732  -0.998349  -0.372618
  0.228011   0.973023 -0.0351678 -0.0359558
  0.972984   -0.22636  0.0454166   0.184225
12.68
 0.0313203 -0.0445624  -0.998516  -0.372822
  0.228272   0.972922 -0.0362601 -0.0359414
  0.973094  -0.226797  0.0406445   0.184285
12.7
 0.0264559 -0.0445252  -0.998658   -0.37287
  0.228506   0.972827   -0.03732 -0.0359398
  0.973183  -0.227212  0.0359113   0.184296
12.86
  -0.0107634   -0.0441031    -0.998969    -0.373578
    0.229498      0.97225   -0.0453962    -0.035975
     0.97325     -0.22975 -0.000343151     0.184427
12.88
 -0.0157611  -0.0440268   -0.998906   -0.373732
   0.229655    0.972162  -0.0464716  -0.0359773
   0.973145   -0.230136 -0.00521143    0.184467
12.9
-0.0211442 -0.0431313  -0.998846  -0.378832
   0.22866   0.972379 -0.0468288  -0.036624
  0.973277  -0.229386 -0.0106978   0.186935
12.92
-0.0255599 -0.0431217  -0.998743   -0.37921
  0.229108   0.972225 -0.0478401 -0.0366756
  0.973065  -0.230043 -0.0149704   0.186864
12.94
-0.0305015 -0.0430659  -0.998607   -0.37938
  0.229383   0.972106 -0.0489293  -0.036688
  0.972858  -0.230556 -0.0197721    0.18689
12.96
-0.0357072 -0.0430133  -0.998436  -0.379636
  0.229624    0.97199  -0.050086 -0.0366817
  0.972624  -0.231053 -0.0248301   0.186947
12.98
-0.0412687 -0.0429027  -0.998227  -0.380008
  0.229859   0.971872 -0.0512729  -0.036691
  0.972349  -0.231567 -0.0302464   0.187027
13.02
-0.0536969 -0.0427576  -0.997641  -0.380789
   0.23054   0.971561 -0.0540484 -0.0367289
   0.97158  -0.232898 -0.0423125   0.187171
13.04
-0.0604676 -0.0426875  -0.997257    -0.3811
  0.230831   0.971405 -0.0555772 -0.0367481
  0.971113  -0.233558  -0.048885   0.187219
13.1
-0.0798897 -0.0424438    -0.9959  -0.381708
  0.231242   0.971048 -0.0599346 -0.0367925
  0.969611  -0.235082 -0.0677619   0.187183
13.12
-0.0861057  -0.042354  -0.995385  -0.381963
  0.231573   0.970881 -0.0613435 -0.0368102
  0.968999  -0.235787 -0.0737903   0.187184
13.14
 -0.092364 -0.0422985  -0.994826  -0.382221
  0.231932   0.970702 -0.0628064 -0.0368227
  0.968337  -0.236533 -0.0798476   0.187162
13.16
-0.0987767 -0.0409226  -0.994268  -0.383067
  0.231578   0.970777 -0.0629621 -0.0382515
  0.967789   -0.23647 -0.0864134   0.188034
13.18
  -0.10515 -0.0408105  -0.993619  -0.383357
  0.231685   0.970658 -0.0643856 -0.0382715
  0.967091  -0.236977 -0.0926092   0.188068
13.22
 -0.117121 -0.0405482   -0.99229  -0.383775
  0.231617   0.970497 -0.0669957 -0.0383057
  0.965731  -0.237678  -0.104274   0.188055
13.24
 -0.122777 -0.0404536  -0.991609  -0.384035
  0.231824   0.970358 -0.0682902 -0.0383144
  0.964978  -0.238264   -0.10976    0.18803
13.26
 -0.128339 -0.0403296   -0.99091  -0.384077
  0.232259   0.970163 -0.0695666 -0.0383514
   0.96415  -0.239076  -0.115143   0.187996
13.28
 -0.134423 -0.0401026  -0.990112  -0.384686
  0.233162   0.969847 -0.0709371 -0.0387635
  0.963102  -0.240392   -0.12102   0.188775
13.3
 -0.140018 -0.0400017  -0.989341  -0.384947
  0.233374     0.9697 -0.0722361 -0.0387724
  0.962253  -0.241001   -0.12644   0.188766
13.32
 -0.145656 -0.0398792  -0.988531  -0.385159
  0.233452   0.969585  -0.073513 -0.0387834
  0.961397  -0.241482  -0.131916    0.18873
13.34
 -0.151365 -0.0397015   -0.98768  -0.385139
  0.233572   0.969461 -0.0747648  -0.038807
  0.960486  -0.242011  -0.137469   0.188652
13.38
 -0.162371 -0.0394016  -0.985943  -0.385437
  0.233764   0.969221  -0.077231 -0.0388366
   0.95864  -0.243018  -0.148163   0.188585
13.4
 -0.167396 -0.0392354  -0.985109  -0.385551
  0.233996   0.969075 -0.0783589 -0.0388467
  0.957718  -0.243628  -0.153038   0.188486
13.42
 -0.172521 -0.0389937  -0.984234  -0.385727
  0.234348     0.9689 -0.0794638  -0.038909
  0.956722  -0.244362  -0.158018   0.188557
13.44
  -0.17774 -0.0388337  -0.983311  -0.385338
   0.23458   0.968745 -0.0806604 -0.0388119
  0.955709  -0.245002  -0.163075   0.188513
13.46
 -0.182892 -0.0387059  -0.982371   -0.38534
   0.23481   0.968587 -0.0818784 -0.0388229
   0.95468  -0.245645  -0.168059     0.1885
13.48
    -0.188 -0.0385343  -0.981413  -0.385546
  0.235006    0.96844 -0.0830428  -0.038861
  0.953639   -0.24625  -0.173011   0.188496
13.5
 -0.193125 -0.0383615  -0.980424  -0.385535
  0.235137   0.968308  -0.084205 -0.0388668
  0.952582  -0.246796  -0.177985    0.18844
13.52
 -0.199638 -0.0377204  -0.979143  -0.378271
  0.233415   0.968663 -0.0849076 -0.0386233
  0.951663  -0.245497  -0.184577   0.187796
13.54
 -0.204643 -0.0375133  -0.978118  -0.378313
  0.233578   0.968526 -0.0860151 -0.0386431
  0.950559   -0.24607   -0.18944   0.187753
13.56
 -0.209482 -0.0374229  -0.977096  -0.378358
  0.233585   0.968421 -0.0871694 -0.0386106
  0.949503  -0.246495  -0.194125   0.187708
13.58
 -0.214127 -0.0372918  -0.976094  -0.378485
  0.233673   0.968302 -0.0882554 -0.0386307
  0.948444  -0.246985  -0.198626   0.187704
13.66
 -0.229848 -0.0369937  -0.972523  -0.378697
   0.23315   0.968086 -0.0919281 -0.0385377
  0.944887  -0.247873  -0.213888   0.187583
13.7
 -0.234325 -0.0368394   -0.97146   -0.37885
  0.233086   0.968006 -0.0929308  -0.038525
  0.943802   -0.24821  -0.218241   0.187544
13.72
 -0.236315  -0.036714  -0.970983  -0.378853
   0.23325   0.967924 -0.0933663 -0.0385333
  0.943265  -0.248546  -0.220172   0.187546
13.74
 -0.238571  -0.036511  -0.970438  -0.378894
  0.233481   0.967825 -0.0938113 -0.0385595
   0.94264   -0.24896   -0.22237   0.187561
13.76
 -0.241506 -0.0358411  -0.969737  -0.375668
  0.234277   0.967604 -0.0941074 -0.0385092
  0.941695  -0.249915  -0.225286    0.18691
13.78
 -0.244733 -0.0357044  -0.968933  -0.375513
  0.234694   0.967423 -0.0949277  -0.038404
  0.940757  -0.250635   -0.22838   0.186759
13.8
 -0.248268 -0.0355552  -0.968039   -0.37559
  0.234775   0.967323 -0.0957404 -0.0384145
  0.939811   -0.25104  -0.231808   0.186755
13.82
 -0.252028 -0.0353485  -0.967074  -0.375618
  0.234899   0.967211 -0.0965701 -0.0384351
  0.938778  -0.251503  -0.235461   0.186752
13.84
 -0.255875 -0.0351816  -0.966069  -0.375737
  0.234927   0.967116 -0.0974429  -0.038462
   0.93773  -0.251889  -0.239196   0.186746
13.86
 -0.259758 -0.0349938  -0.965039  -0.375822
  0.235066   0.966992  -0.098337 -0.0384839
  0.936627  -0.252391  -0.242959   0.186747
13.88
