6.6
   0.935902  -0.0287836   -0.351083   0.0187317
  0.0310641    0.999517 0.000863825 -0.00254567
   0.350889  -0.0117145    0.936344   0.0101699
6.62
  0.934554 -0.0289314  -0.354643  0.0190301
 0.0312463   0.999511  0.0008012 -0.0025431
  0.354447 -0.0118301   0.935001  0.0102842
6.64
   0.932912  -0.0291023   -0.358925   0.0196893
  0.0313639    0.999508 0.000478536 -0.00225449
   0.358735  -0.0117037    0.933366   0.0102585
6.66
   0.931536  -0.0292789   -0.362468   0.0196606
  0.0316018      0.9995 0.000479845 -0.00229739
   0.362273  -0.0119016    0.931996   0.0104954
6.68
   0.930053  -0.0295369   -0.366237    0.019834
  0.0319504    0.999489 0.000529064 -0.00238358
   0.366035  -0.0121935    0.930521   0.0106631
6.7
    0.92859  -0.0298213   -0.369908   0.0199203
  0.0323007    0.999478 0.000509218 -0.00238675
     0.3697  -0.0124211    0.929068   0.0108122
6.72
   0.927077  -0.0301022   -0.373661   0.0200857
  0.0326482    0.999467 0.000484942 -0.00241648
   0.373447  -0.0126489    0.927565   0.0109636
6.74
   0.925608  -0.0304165    -0.37726   0.0201137
  0.0330313    0.999454 0.000461522  -0.0024417
    0.37704  -0.0128886    0.926107   0.0111026
6.78
   0.922592   -0.031026   -0.384528   0.0203229
  0.0337769    0.999429 0.000400474 -0.00248853
   0.384297  -0.0133576    0.923113   0.0114418
6.8
   0.921067  -0.0312019   -0.388152    0.020429
  0.0340141    0.999421 0.000374505 -0.00253362
   0.387916  -0.0135476    0.921595   0.0115779
6.82
   0.919541  -0.0313164   -0.391744   0.0205209
  0.0341601    0.999416 0.000289697 -0.00252685
   0.391506  -0.0136484    0.920074   0.0117399
6.84
   0.917987  -0.0314837   -0.395359   0.0206111
   0.034378    0.999409 0.000236471 -0.00255618
   0.395118  -0.0138087    0.918527   0.0118979
6.86
   0.916446  -0.0316653   -0.398904   0.0206642
  0.0346065    0.999401 0.000172108 -0.00257386
    0.39866  -0.0139624    0.916993   0.0120302
6.88
   0.914956  -0.0319189    -0.40229   0.0206067
  0.0349189     0.99939 0.000123671 -0.00261411
   0.402041  -0.0141607    0.915512    0.012165
6.9
   0.913408  -0.0321856    -0.40577   0.0206566
  0.0352292    0.999379 3.19638e-05 -0.00261067
   0.405518  -0.0143242    0.913975    0.012316
6.96
     0.90846   -0.0327375    -0.416688    0.0211847
   0.0359071     0.999355 -0.000231103  -0.00273841
    0.416427   -0.0147521     0.909049    0.0129259
6.98
     0.90663   -0.0328984    -0.420641    0.0213677
    0.036109     0.999348 -0.000331549  -0.00275314
    0.420378   -0.0148883     0.907227    0.0131103
7
    0.904479   -0.0330293    -0.425237    0.0220729
   0.0362715     0.999342 -0.000472025    -0.002753
    0.424973   -0.0149971     0.905082    0.0132143
7.02
   0.901959  -0.0330144   -0.430557   0.0233174
  0.0363694    0.999338 -0.00043864  -0.0028359
   0.430287  -0.0152635    0.902563   0.0136979
7.06
    0.897573   -0.0336555     -0.43958    0.0236774
   0.0371515     0.999309 -0.000650892  -0.00289053
    0.439298   -0.0157468     0.898203    0.0141974
7.08
    0.895473   -0.0340368    -0.443812    0.0236458
   0.0376272     0.999292 -0.000717597   -0.0029303
    0.443522   -0.0160568      0.89612    0.0143408
7.1
    0.893394   -0.0344825    -0.447949    0.0236709
   0.0381826      0.99927 -0.000770675  -0.00295062
    0.447649   -0.0164153     0.894059    0.0145245
7.12
    0.891406   -0.0349703    -0.451854    0.0236568
   0.0387731     0.999248 -0.000844119  -0.00295054
    0.451544   -0.0167673     0.892091    0.0146772
7.14
    0.889509   -0.0353142    -0.455551    0.0236133
   0.0392405     0.999229 -0.000839129  -0.00300081
     0.45523   -0.0171296     0.890209    0.0148672
7.16
    0.887802   -0.0355088    -0.458854    0.0234251
   0.0395457     0.999217 -0.000811305  -0.00304456
    0.458524   -0.0174254     0.888511    0.0150172
7.18
    0.886283   -0.0357089    -0.461765    0.0231678
   0.0398515     0.999205 -0.000781254  -0.00305377
    0.461426   -0.0177096     0.887002    0.0150507
7.2
    0.885004    -0.035903    -0.464196    0.0227997
   0.0401815     0.999192 -0.000674624  -0.00306402
    0.463846   -0.0180551     0.885732     0.015061
7.22
    0.883873   -0.0362083    -0.466323    0.0225347
     0.04061     0.999175 -0.000609646   -0.0030559
     0.46596   -0.0183985     0.884614    0.0150932
7.24
    0.882717   -0.0363502    -0.468498    0.0229481
   0.0409093     0.999163 -0.000445072   -0.0030292
    0.468122    -0.018773     0.883465    0.0145789
7.26
    0.881744   -0.0368233    -0.470289    0.0229227
   0.0415834     0.999135 -0.000266762  -0.00306242
    0.469892    -0.019321     0.882512    0.0146579
7.28
    0.880744   -0.0373181     -0.47212    0.0229804
   0.0423062     0.999105 -5.01824e-05  -0.00306613
    0.471699   -0.0199294     0.881535    0.0147995
7.3
   0.879618  -0.0378639   -0.474172   0.0231541
  0.0431479    0.999069 0.000263537 -0.00314336
    0.47372  -0.0206913    0.880432   0.0149465
7.36
   0.875847  -0.0394119   -0.480976   0.0235561
  0.0456778    0.998955  0.00132238 -0.00321787
   0.480422  -0.0231281    0.876733   0.0154705
7.38
   0.874238  -0.0398642   -0.483858   0.0238819
  0.0464392     0.99892  0.00160745 -0.00325706
   0.483272  -0.0238753    0.875145   0.0157446
7.42
   0.870695  -0.0404018   -0.490161   0.0242614
  0.0473342    0.998878  0.00174878 -0.00323009
    0.48954   -0.024724     0.87163   0.0162205
7.44
   0.868992  -0.0402797   -0.493184   0.0243271
  0.0472655    0.998881  0.00170068 -0.00324785
   0.492564  -0.0247885    0.869923   0.0164417
7.46
   0.867585  -0.0399977   -0.495678   0.0240725
   0.047002    0.998893  0.00166384 -0.00328163
   0.495063  -0.0247414    0.868505   0.0164918
7.48
   0.866422  -0.0397697   -0.497725   0.0237853
  0.0467981    0.998903  0.00164927 -0.00327985
   0.497114  -0.0247216    0.867333   0.0164282
7.5
  0.865538 -0.0396098  -0.499275  0.0234628
 0.0467177   0.998907 0.00174134 -0.0033265
   0.49866 -0.0248322   0.866442  0.0163761
7.52
   0.864817  -0.0395513   -0.500528   0.0232826
  0.0467837    0.998903  0.00190068 -0.00335114
   0.499904  -0.0250603    0.865718   0.0163266
7.54
   0.864207  -0.0395604   -0.501578   0.0232292
  0.0469221    0.998896  0.00206086 -0.00333535
   0.500943  -0.0253161     0.86511   0.0163883
7.56
   0.863661  -0.0396508   -0.502511   0.0231618
  0.0471146    0.998887  0.00215783 -0.00332707
   0.501866  -0.0255392    0.864568    0.016408
7.58
   0.863089  -0.0398074   -0.503481   0.0231732
  0.0473701    0.998875  0.00222847 -0.00332325
   0.502826  -0.0257733    0.864003    0.016481
7.6
   0.862295  -0.0401016   -0.504816   0.0233928
  0.0477712    0.998856  0.00225264 -0.00333073
   0.504148  -0.0260581    0.863224   0.0166132
7.62
   0.861326  -0.0403947   -0.506444   0.0235938
  0.0482155    0.998834  0.00233318 -0.00336353
    0.50576  -0.0264281    0.862269   0.0167539
7.64
   0.860033  -0.0407007   -0.508613    0.023998
   0.048656    0.998813  0.00234634 -0.00341026
   0.507914   -0.026765    0.860992   0.0169467
7.66
   0.858543  -0.0408506   -0.511111   0.0243103
  0.0489638    0.998798  0.00241845 -0.00344088
   0.510398  -0.0271023    0.859511   0.0171417
7.72
   0.853383  -0.0404916   -0.519709    0.024967
  0.0488112    0.998805  0.00233105 -0.00347061
   0.518994  -0.0273569     0.85434   0.0180046
7.74
   0.851634  -0.0403679    -0.52258   0.0251737
  0.0486704    0.998813  0.00216113 -0.00348094
   0.521873  -0.0272747    0.852587   0.0183424
7.76
   0.849763  -0.0402658   -0.525624   0.0254281
   0.048534     0.99882  0.00194845 -0.00350796
   0.524925  -0.0271664    0.850715   0.0186065
7.78
   0.847879  -0.0398938   -0.528686   0.0260875
   0.048273    0.998832  0.00204735 -0.00361443
   0.527987  -0.0272572    0.848815   0.0185305
7.82
   0.844319  -0.0400272   -0.534344   0.0263299
  0.0486481    0.998814  0.00204873 -0.00367773
   0.533628  -0.0277246    0.845264   0.0190325
7.84
   0.842655  -0.0402659   -0.536946   0.0263096
  0.0489977    0.998797  0.00199407 -0.00369036
    0.53622  -0.0279895    0.843614   0.0191893
7.86
   0.841092  -0.0405911   -0.539367   0.0261274
  0.0494176    0.998776  0.00189735 -0.00369279
    0.53863  -0.0282501    0.842069    0.019198
7.9
   0.837954  -0.0415041   -0.544161    0.025866
  0.0506541    0.998715  0.00182858 -0.00376572
   0.543385  -0.0290962    0.838979   0.0189909
7.92
   0.836299  -0.0421703    -0.54665   0.0258549
  0.0515849    0.998667  0.00187748 -0.00374006
   0.545842   -0.029769    0.837359   0.0189728
7.94
   0.834577  -0.0428611   -0.549222   0.0258037
  0.0525038    0.998619  0.00185082 -0.00373874
   0.548384  -0.0303809    0.835675    0.019092
7.96
   0.832825  -0.0435793   -0.551818   0.0258103
  0.0533966    0.998572  0.00172708 -0.00371669
   0.550954  -0.0309035    0.833963   0.0192767
7.98
   0.830907  -0.0442414   -0.554649   0.0259698
  0.0541776     0.99853  0.00151491 -0.00373159
   0.553767  -0.0313083    0.832083   0.0196741
8
   0.829025  -0.0446846   -0.557424   0.0260929
  0.0547532    0.998499  0.00138905 -0.00381108
   0.556525  -0.0316723    0.830227   0.0199594
8.02
  0.827044 -0.0448251  -0.560347  0.0263819
 0.0551004    0.99848 0.00145182 -0.0039262
   0.55943  -0.032076   0.828257  0.0203614
8.04
   0.825072  -0.0447873    -0.56325   0.0265071
  0.0551714    0.998476  0.00142277 -0.00391708
   0.562328  -0.0322492    0.826285   0.0206577
8.06
   0.823161  -0.0446495    -0.56605   0.0265423
  0.0550794    0.998481  0.00133821 -0.00394949
    0.56513  -0.0322792     0.82437   0.0209666
8.08
   0.821188  -0.0445943   -0.568912   0.0266855
  0.0550866    0.998481  0.00124779 -0.00401349
   0.567992  -0.0323641    0.822397   0.0212781
8.1
   0.818139  -0.0444644   -0.573299   0.0287814
  0.0550948     0.99848  0.00118321 -0.00399495
   0.572375  -0.0325538    0.819346   0.0214481
8.12
   0.816197  -0.0447801   -0.576035   0.0287511
  0.0555775    0.998454  0.00113075 -0.00402651
   0.575094  -0.0329375    0.817424   0.0215472
8.14
   0.814243  -0.0452363    -0.57876   0.0287453
  0.0562359    0.998417  0.00107983 -0.00405284
   0.577794  -0.0334263    0.815498   0.0216794
8.16
    0.81227  -0.0457038   -0.581488   0.0287653
  0.0569659    0.998376  0.00110439 -0.00411181
   0.580492   -0.034022    0.813555   0.0218763
8.3
   0.794292  -0.0458717   -0.605802   0.0307152
  0.0578673    0.998324  0.00027834 -0.00440909
   0.604774  -0.0352772    0.795615    0.024283
8.44
    0.774947   -0.0482623    -0.630181    0.0303855
   0.0617296     0.998093 -0.000528563  -0.00476101
    0.629005   -0.0384912     0.776448    0.0256405
8.46
    0.771393   -0.0489191    -0.634476    0.0306399
   0.0626788     0.998033 -0.000745406  -0.00477847
    0.633265   -0.0391932     0.772942    0.0261023
8.48
    0.766504   -0.0493068    -0.640344     0.032644
   0.0634431     0.997985 -0.000902789  -0.00483269
    0.639098   -0.0399334     0.768088    0.0268101
8.5
   0.761793  -0.0493927   -0.645935   0.0340326
  0.0637805    0.997963 -0.00109067  -0.0048796
   0.644673  -0.0403672    0.763392   0.0277692
8.52
   0.758639  -0.0492254   -0.649649   0.0335747
   0.063795    0.997962  -0.0011203 -0.00505165
    0.64838  -0.0405944    0.760233   0.0279504
8.54
   0.756605  -0.0489738   -0.652036   0.0325489
  0.0635143     0.99798 -0.00125706 -0.00506527
    0.65078  -0.0404625    0.758187   0.0275159
8.56
   0.754899  -0.0487513   -0.654027   0.0318714
  0.0633065    0.997993 -0.00132027 -0.00508773
   0.652779  -0.0404075     0.75647   0.0272182
8.58
   0.752131  -0.0490069   -0.657189   0.0334527
  0.0633905    0.997987 -0.00187213 -0.00460401
   0.655958  -0.0402515    0.753723   0.0268728
8.6
   0.749886  -0.0494653   -0.659715   0.0337162
  0.0641432    0.997939 -0.00191478 -0.00464453
    0.65845  -0.0408804    0.751513    0.027021
8.62
   0.747342  -0.0501518   -0.662544   0.0339556
  0.0651821    0.997871 -0.00201004  -0.0046586
   0.661235  -0.0416839     0.74902   0.0272158
8.66
   0.741066   -0.051344   -0.669466    0.034692
   0.066962    0.997753 -0.00239787 -0.00467638
   0.668085  -0.0430518    0.742839   0.0280009
8.68
   0.737476  -0.0511889    -0.67343   0.0350598
  0.0669159    0.997755 -0.00256168 -0.00475106
    0.67205   -0.043174    0.739246   0.0284074
8.74
   0.726584  -0.0512214   -0.685165   0.0349627
    0.06712    0.997739 -0.00341126  -0.0048276
   0.683791  -0.0435097     0.72838   0.0289281
8.76
    0.72311  -0.0515994   -0.688803   0.0347752
   0.067786    0.997693  -0.0035767 -0.00492194
   0.687399  -0.0441048     0.72494   0.0290359
8.78
   0.719677  -0.0521509   -0.692348   0.0347108
   0.068662    0.997633 -0.00377403 -0.00492195
   0.690906  -0.0448219    0.721554   0.0292256
8.8
   0.716137  -0.0527019   -0.695967   0.0347705
  0.0696872    0.997562 -0.00383316 -0.00503777
   0.694472  -0.0457549    0.718064   0.0295718
8.82
   0.711739  -0.0533984   -0.700412   0.0357691
  0.0706421    0.997493 -0.00426289  -0.0048101
   0.698883  -0.0464445    0.713727   0.0298988
8.84
   0.707819  -0.0538871   -0.704336   0.0360992
  0.0715125     0.99743 -0.00444491 -0.00484452
   0.702765  -0.0472226    0.709853   0.0298799
8.86
   0.703496   -0.054198   -0.708629   0.0362688
  0.0721147    0.997385 -0.00469055 -0.00487755
   0.707031  -0.0478028    0.705565   0.0302697
8.88
   0.699242  -0.0544403   -0.712809   0.0362346
  0.0725136    0.997355 -0.00503872 -0.00482323
   0.711198  -0.0481651     0.70134   0.0305038
8.9
   0.694832  -0.0546908    -0.71709   0.0361844
  0.0729329    0.997322 -0.00539443 -0.00484129
   0.715465  -0.0485512     0.69696   0.0307436
8.92
   0.689886  -0.0550619   -0.721821   0.0365297
  0.0736654    0.997267 -0.00566726 -0.00498287
    0.72016  -0.0492635    0.692056   0.0312361
8.94
   0.685055  -0.0558472   -0.726348   0.0365138
  0.0746906    0.997187 -0.00622702 -0.00489505
   0.724653  -0.0499855    0.687299   0.0314115
8.96
   0.680115  -0.0565544   -0.730921   0.0364885
  0.0757798    0.997102 -0.00663758 -0.00498859
   0.729178  -0.0508747     0.68243   0.0316997
9
   0.670839  -0.0576466    -0.73936   0.0360547
  0.0773719    0.996974 -0.00753096 -0.00492738
   0.737556  -0.0521536    0.673269   0.0318868
9.02
   0.666112  -0.0582881   -0.743571   0.0365851
  0.0780533    0.996915 -0.00822525 -0.00469077
   0.741756  -0.0525592    0.668607   0.0315621
9.04
   0.661391  -0.0586615   -0.747743   0.0365292
  0.0785142    0.996875 -0.00875912 -0.00462272
    0.74592  -0.0529153     0.66393   0.0317023
9.06
    0.65663  -0.0590166     -0.7519   0.0365113
  0.0790693    0.996827 -0.00919005 -0.00464519
   0.750057  -0.0534178    0.659213   0.0318058
9.08
   0.651733  -0.0594519   -0.756115   0.0365328
  0.0797623    0.996767 -0.00962292 -0.00467344
   0.754243  -0.0540379    0.654368   0.0320303
9.1
   0.646821   -0.059986   -0.760279   0.0365374
  0.0805615    0.996698  -0.0101004 -0.00468462
   0.758375   -0.054716    0.649518   0.0321773
9.12
   0.641819  -0.0604771   -0.764468   0.0365556
  0.0813689    0.996628   -0.010529 -0.00472309
   0.762527  -0.0554462    0.644576   0.0323822
9.14
   0.636896  -0.0608426   -0.768545   0.0365204
  0.0819364    0.996577  -0.0109939 -0.00473918
   0.766583  -0.0559699    0.639701   0.0325068
9.16
  0.631457 -0.0611565  -0.772995  0.0369885
 0.0824364    0.99653 -0.0114996 -0.0047073
  0.771016 -0.0564614   0.634308  0.0331175
9.18
   0.626224  -0.0615049   -0.777213   0.0372222
  0.0829011    0.996485  -0.0120612 -0.00462366
   0.775223  -0.0568789    0.629121    0.033407
9.2
  0.621071 -0.0617263   -0.78132  0.0371671
 0.0832944   0.996446 -0.0125112 -0.0046309
  0.779316 -0.0573092   0.624006   0.033607
9.22
   0.616009  -0.0620605   -0.785291   0.0370485
  0.0837784    0.996399  -0.0130255 -0.00462279
   0.783272  -0.0577666     0.61899    0.033766
9.24
   0.611153  -0.0623721   -0.789051   0.0369883
  0.0842979     0.99635  -0.0134663 -0.00464537
   0.787011  -0.0582854     0.61418   0.0337678
9.26
   0.606366  -0.0625694    -0.79272   0.0369334
  0.0846497    0.996314   -0.013889 -0.00463915
   0.790667  -0.0586817    0.609427   0.0339907
9.28
   0.601732  -0.0626362   -0.796238   0.0368837
  0.0848324    0.996293  -0.0142641 -0.00467536
    0.79418  -0.0589636    0.604815   0.0341032
9.3
   0.597089  -0.0628706   -0.799708   0.0368337
  0.0851853    0.996256  -0.0147205 -0.00465723
   0.797639  -0.0593339    0.600209   0.0342355
9.32
   0.592387  -0.0632464   -0.803167   0.0368088
  0.0857849    0.996198  -0.0151751 -0.00468028
   0.801074  -0.0599102     0.59556   0.0343663
9.34
   0.587752  -0.0637486   -0.806526   0.0367407
  0.0865201    0.996127  -0.0156837 -0.00463364
   0.804401  -0.0605625    0.590991   0.0344482
9.36
   0.583195  -0.0642542   -0.809787   0.0366801
  0.0873557    0.996047  -0.0161212 -0.00467535
   0.807621  -0.0613377    0.586503   0.0345596
9.38
   0.578805  -0.0645739   -0.812905   0.0366246
  0.0878686    0.995995  -0.0165535 -0.00466253
   0.810718  -0.0618476    0.582161    0.034612
9.4
  0.574676  -0.064676  -0.815821  0.0365477
 0.0880414   0.995973 -0.0169403  -0.004628
  0.813631 -0.0620909   0.578056  0.0346323
9.42
   0.570859  -0.0646746   -0.818497   0.0363476
  0.0881315     0.99596  -0.0172298 -0.00465257
   0.816304  -0.0622995    0.574253    0.034652
9.44
   0.565274  -0.0648747   -0.822348   0.0379267
  0.0886793    0.995905  -0.0176092 -0.00465043
   0.820123  -0.0629712    0.568712    0.036171
9.46
   0.561614  -0.0651866   -0.824828   0.0378425
  0.0891838    0.995853  -0.0179788 -0.00464389
   0.822579  -0.0634641    0.565098   0.0362954
9.48
   0.558226  -0.0655264   -0.827097   0.0377774
  0.0897107    0.995799   -0.018344 -0.00462943
   0.824825  -0.0639594    0.561759   0.0362819
9.5
    0.55505  -0.0657424   -0.829215   0.0377009
  0.0901045    0.995758  -0.0186333 -0.00463076
   0.826922  -0.0643736    0.558619   0.0363693
9.54
   0.549376   -0.065855   -0.832976   0.0375739
  0.0904235    0.995721  -0.0190842 -0.00463868
   0.830668  -0.0648361     0.55298   0.0364963
9.56
   0.546881  -0.0659929   -0.834605   0.0374264
  0.0906957    0.995692  -0.0193011 -0.00463344
   0.832283  -0.0651397     0.55051   0.0364946
9.58
   0.544128  -0.0662395   -0.836383   0.0374035
  0.0911389    0.995646  -0.0195602 -0.00463166
   0.834037  -0.0655838    0.547796   0.0366979
9.6
   0.541192  -0.0665931   -0.838258   0.0374469
  0.0916971    0.995588  -0.0198907 -0.00462983
   0.835884  -0.0661011    0.544911   0.0368227
9.62
   0.538077  -0.0667694   -0.840247   0.0374842
  0.0920757    0.995548  -0.0201468 -0.00467844
   0.837851  -0.0665258     0.54183   0.0369846
9.64
   0.535013  -0.0667927   -0.842199   0.0374415
  0.0921833    0.995533  -0.0203931 -0.00467489
     0.8398  -0.0667261     0.53878   0.0370982
9.66
   0.530442   -0.066335   -0.845122   0.0388429
  0.0920224    0.995548  -0.0203842 -0.00491112
   0.842712  -0.0669576    0.534185    0.038635
9.68
   0.528075  -0.0662704   -0.846608   0.0388626
   0.091973    0.995549  -0.0205606 -0.00490634
   0.844202  -0.0670075     0.53182   0.0388595
9.7
   0.525613  -0.0664385   -0.848126   0.0387845
  0.0922214    0.995521   -0.020832 -0.00490971
   0.845711  -0.0672658    0.529385   0.0390799
9.72
    0.52275  -0.0667268    -0.84987   0.0388726
  0.0926221    0.995476  -0.0211875 -0.00489722
   0.847439   -0.067641    0.526566    0.039339
9.74
  0.519742   -0.06697  -0.851694  0.0388814
 0.0930154   0.995432 -0.0215102 -0.0049239
  0.849245 -0.0680409   0.523597  0.0396086
9.82
  0.505009 -0.0673978  -0.860479  0.0390696
 0.0938777   0.995321 -0.0228633 -0.0049784
  0.857994 -0.0692336   0.508973  0.0406092
9.84
   0.501164  -0.0676285   -0.862706   0.0388884
  0.0943032    0.995272  -0.0232378 -0.00499928
   0.860199    -0.06971    0.505172   0.0407325
9.86
   0.496634   -0.067868   -0.865303   0.0390913
  0.0947817    0.995217  -0.0236583 -0.00499216
    0.86277  -0.0702654    0.500691   0.0411601
9.88
   0.492356  -0.0680063   -0.867733   0.0390348
  0.0950447    0.995182   -0.024066 -0.00500893
   0.865189  -0.0706244    0.496448   0.0413553
9.9
   0.488108  -0.0680126   -0.870129   0.0389341
  0.0951787    0.995161  -0.0243941 -0.00503801
   0.867578  -0.0709108    0.492219   0.0415282
9.92
   0.483753   -0.068101   -0.872551   0.0389313
  0.0954359    0.995128  -0.0247571 -0.00506311
   0.869986  -0.0712963    0.487895   0.0417184
9.94
   0.479786  -0.0681356   -0.874736   0.0387629
  0.0957345    0.995093  -0.0250008 -0.00510244
   0.872147  -0.0717473    0.483955    0.041688
9.96
   0.471421  -0.0675721   -0.879316   0.0421772
  0.0963109    0.995042  -0.0248307 -0.00557171
   0.876634   -0.072982    0.475591   0.0448773
9.98
   0.468046  -0.0676025   -0.881114   0.0419826
  0.0965218    0.995015  -0.0250692 -0.00557192
   0.878417  -0.0733132    0.472238   0.0447653
10
  0.464827 -0.0676509  -0.882813  0.0419388
 0.0966806   0.994993 -0.0253422 -0.0055603
  0.880107 -0.0735712    0.46904  0.0448754
10.02
   0.462071  -0.0676658   -0.884258   0.0418486
  0.0967875    0.994977  -0.0255618 -0.00560761
   0.881546  -0.0737737    0.466299   0.0448734
10.04
   0.459541  -0.0677582   -0.885568   0.0417459
  0.0969584    0.994954  -0.0258138 -0.00560461
   0.882848  -0.0740007    0.463792   0.0448358
10.06
   0.457106  -0.0678794   -0.886818   0.0417052
  0.0971331    0.994929  -0.0260877 -0.00559745
   0.884093  -0.0742146    0.461381   0.0448467
10.08
  0.454794 -0.0679753  -0.887999  0.0416809
 0.0973199   0.994905 -0.0263159 -0.0056548
  0.885264 -0.0744516   0.459092  0.0448642
10.1
   0.452751  -0.0680119    -0.88904   0.0416213
  0.0973935    0.994893  -0.0265113 -0.00566651
   0.886302  -0.0745837    0.457062   0.0448226
10.12
  0.450837 -0.0679751  -0.890014  0.0416137
 0.0975034    0.99488 -0.0265939  -0.005709
  0.887265 -0.0747899   0.455156  0.0447605
10.14
   0.448872  -0.0679723   -0.891007   0.0416242
   0.097621    0.994865  -0.0267159 -0.00572101
   0.888248   -0.074989    0.453202   0.0449445
10.16
   0.447069  -0.0680701   -0.891906   0.0416234
  0.0978113    0.994841  -0.0268982 -0.00570831
   0.889136  -0.0752131     0.45142   0.0449718
10.18
   0.444759  -0.0680814   -0.893059   0.0416896
  0.0980385    0.994816  -0.0270138 -0.00576136
   0.890268  -0.0755396    0.449128   0.0453404
10.2
   0.442519  -0.0681912   -0.894163   0.0416535
  0.0981873    0.994794   -0.027273 -0.00575045
   0.891368  -0.0757266    0.446911   0.0454002
10.22
  0.440075 -0.0682634  -0.895363  0.0416547
 0.0983506   0.994772 -0.0275027 -0.0057629
  0.892559 -0.0759562   0.444488  0.0454989
10.24
   0.437266  -0.0683347   -0.896732   0.0417042
  0.0985731    0.994743  -0.0277371 -0.00577724
   0.893914  -0.0762651    0.441704   0.0457957
10.26
   0.434332  -0.0684316    -0.89815   0.0417013
  0.0988208    0.994711  -0.0280006 -0.00580725
   0.895316  -0.0765943    0.438797   0.0460183
10.28
   0.428167  -0.0681816   -0.901124   0.0441126
  0.0990379    0.994684  -0.0282029 -0.00595755
   0.898256  -0.0771699    0.432644   0.0480013
10.3
   0.424142  -0.0681883   -0.903025   0.0444586
  0.0993431    0.994647  -0.0284462 -0.00603847
    0.90013  -0.0776441    0.428645   0.0488167
10.32
   0.420498   -0.068339   -0.904716   0.0444912
  0.0996851    0.994602  -0.0287966 -0.00605713
   0.901801  -0.0780777    0.425041   0.0490755
10.34
   0.416596  -0.0684298   -0.906513   0.0445227
   0.100005    0.994561  -0.0291183 -0.00609027
   0.903575  -0.0785249    0.421173   0.0494136
10.36
    0.41233  -0.0685142   -0.908455   0.0447103
   0.100305     0.99452  -0.0294785 -0.00611495
   0.905496  -0.0789677    0.416943    0.049928
10.38
   0.408131   -0.068616   -0.910341    0.044771
   0.100599    0.994479  -0.0298567 -0.00613315
   0.907364  -0.0793935    0.412781   0.0503133
10.4
   0.403885   -0.068755   -0.912223   0.0447027
   0.100971    0.994429  -0.0302461 -0.00617879
   0.909221  -0.0798925    0.408577    0.050512
10.42
   0.398467  -0.0688138   -0.914597   0.0451104
   0.101444     0.99437  -0.0306192 -0.00626946
   0.911555  -0.0805795    0.403205   0.0513862
10.44
   0.393087  -0.0689178   -0.916915    0.045264
   0.101895     0.99431  -0.0310521 -0.00633266
   0.913838  -0.0812228    0.397873   0.0519688
10.46
   0.387776  -0.0690768   -0.919162   0.0452324
   0.102179    0.994264  -0.0316136 -0.00630712
   0.916073    -0.08166    0.392609   0.0522894
10.48
   0.379831  -0.0690798   -0.922473   0.0467681
   0.102333    0.994225   -0.032317 -0.00612197
   0.919378  -0.0821246    0.384707   0.0542158
10.5
   0.374735  -0.0693087   -0.924538   0.0465772
   0.102605    0.994177  -0.0329411 -0.00607498
   0.921437  -0.0825183    0.379664   0.0542133
10.52
   0.369193  -0.0694272   -0.926756   0.0466428
   0.102919    0.994126  -0.0334742 -0.00609484
   0.923636  -0.0830221     0.37417   0.0547437
10.54
    0.36408   -0.069566   -0.928766    0.046639
   0.103177    0.994081  -0.0340124 -0.00609516
   0.925635   -0.083444    0.369103   0.0550019
10.56
   0.358876  -0.0695513    -0.93079   0.0467447
   0.103337     0.99405  -0.0344355 -0.00612418
   0.927647  -0.0838271    0.363928   0.0555431
10.58
   0.353942  -0.0695417   -0.932678   0.0467914
   0.103544    0.994015  -0.0348211 -0.00616288
   0.929518  -0.0842488    0.359024    0.055975
10.6
   0.348966  -0.0695955   -0.934548   0.0468604
   0.103869    0.993967  -0.0352352 -0.00614788
   0.931361  -0.0847745    0.354089   0.0564326
10.64
   0.338107   -0.069713   -0.938522   0.0472204
   0.104458    0.993871  -0.0361928 -0.00611776
   0.935293   -0.085799    0.343317   0.0574684
10.66
   0.332663  -0.0697668   -0.940462   0.0471872
   0.104757    0.993822  -0.0366704 -0.00611487
   0.937209  -0.0863206    0.337916   0.0579086
10.68
  0.326459 -0.0697259  -0.942636  0.0473433
  0.105041   0.993774   -0.03713 -0.0061669
  0.939357 -0.0868943   0.331751  0.0588062
10.7
    0.3194 -0.0696018  -0.945061  0.0478198
  0.105417   0.993719  -0.037558 -0.0063462
  0.941738 -0.0876291   0.324731  0.0601743
10.72
   0.312994  -0.0697261   -0.947192   0.0478538
   0.105708    0.993663  -0.0382165 -0.00632383
   0.943854   -0.088164    0.318381   0.0608729
10.74
  0.306884 -0.0698944  -0.949177  0.0477375
  0.106151   0.993591 -0.0388444 -0.0063172
  0.945809 -0.0888357   0.312337  0.0611566
10.76
    0.29928  -0.0699073   -0.951601    0.048159
   0.106462    0.993532  -0.0395053 -0.00623044
   0.948207  -0.0894859    0.304787   0.0623269
10.78
   0.292356  -0.0698873   -0.953752   0.0483242
    0.10683     0.99347  -0.0400509 -0.00630668
   0.950324  -0.0901802    0.297913   0.0631041
6.66
    0.930669   -0.0289389    -0.364716     0.107769
    0.030271      0.99954  -0.00206522 -0.000736744
    0.364608  -0.00911828     0.931117    0.0100249
6.68
    0.929228   -0.0292052    -0.368351     0.107847
   0.0306047     0.999529  -0.00204332 -0.000784761
    0.368237  -0.00937457     0.929685    0.0101458
6.7
      0.9275   -0.0294968    -0.372657     0.107619
   0.0309184      0.99952  -0.00216235 -0.000701295
    0.372542  -0.00951638     0.927966    0.0103733
6.72
    0.926043   -0.0297838    -0.376242     0.107617
   0.0312461     0.999509  -0.00221655 -0.000694626
    0.376123  -0.00970347     0.926519    0.0104701
6.74
    0.924575    -0.030088     -0.37981     0.107632
   0.0315888     0.999498  -0.00228193 -0.000680792
    0.379688  -0.00988794     0.925062    0.0105521
6.76
    0.923101   -0.0303901    -0.383355     0.107627
   0.0319466     0.999487  -0.00230743 -0.000678932
    0.383229   -0.0101169     0.923598    0.0106736
6.78
    0.921626   -0.0307081    -0.386861     0.107605
   0.0323037     0.999475  -0.00237818 -0.000675999
    0.386732   -0.0103053     0.922135     0.010848
6.8
   0.920114    -0.03087   -0.390431    0.107666
  0.0325047    0.999469 -0.00242195 -0.00069833
   0.390299  -0.0104624    0.920629   0.0109686
6.82
    0.918615    -0.031014    -0.393934     0.107671
   0.0326637     0.999463  -0.00251814 -0.000678574
    0.393801   -0.0105542     0.919135    0.0110674
6.84
   0.917102  -0.0311345   -0.397436    0.107642
  0.0327994    0.999459 -0.00260985 -0.00066325
   0.397302  -0.0106422    0.917626   0.0111918
6.86
    0.915553   -0.0313093    -0.400977     0.107706
    0.033003     0.999452  -0.00268385 -0.000658749
    0.400841   -0.0107762     0.916084    0.0112885
6.88
    0.914044   -0.0315524    -0.404387       0.1077
    0.033282     0.999442   -0.0027538 -0.000670556
    0.404248   -0.0109417     0.914584    0.0113996
6.9
    0.912512   -0.0318167    -0.407812     0.107674
   0.0335933     0.999432   -0.0028061 -0.000707678
    0.407669   -0.0111392     0.913062    0.0115772
6.92
    0.910985   -0.0320514    -0.411192      0.10764
    0.033866     0.999422  -0.00287331 -0.000757501
    0.411047   -0.0113079     0.911544    0.0116967
6.94
    0.909379   -0.0322324    -0.414719     0.107767
   0.0340275     0.999416   -0.0030615 -0.000670605
    0.414576   -0.0113278     0.909944    0.0117885
6.96
    0.907738   -0.0324899    -0.418278     0.107147
    0.034299     0.999407  -0.00319442 -0.000626163
    0.418133   -0.0114468     0.908314    0.0120737
7
    0.904095   -0.0327853    -0.426073     0.107181
   0.0346286     0.999394  -0.00342178 -0.000637854
    0.425927   -0.0116607     0.904683    0.0124719
7.02
    0.902104   -0.0329601    -0.430258     0.107186
    0.034825     0.999387  -0.00354226 -0.000620601
    0.430111   -0.0117882     0.902699    0.0126191
7.04
    0.900012   -0.0332557    -0.434595     0.107186
   0.0351561     0.999375  -0.00366782 -0.000618528
    0.434446   -0.0119776     0.900618    0.0127794
7.06
     0.89789   -0.0336029    -0.438935      0.10719
   0.0355511     0.999361  -0.00378292 -0.000631784
    0.438781    -0.012208     0.898511    0.0129504
7.08
    0.895794   -0.0339981    -0.443167     0.107187
   0.0360124     0.999344  -0.00387231 -0.000639462
    0.443008   -0.0124907     0.896431    0.0130394
7.1
    0.893739    -0.034451    -0.447263     0.107208
   0.0365348     0.999325  -0.00396912 -0.000604177
    0.447097   -0.0127933     0.894394    0.0131417
7.12
    0.891789   -0.0349777    -0.451097     0.107083
   0.0371617     0.999301  -0.00401867 -0.000638789
    0.450922   -0.0131797     0.892466    0.0133466
7.14
    0.889883   -0.0353247     -0.45482     0.107106
   0.0375921     0.999285   -0.0040607 -0.000632919
    0.454638   -0.0134841     0.890574    0.0134736
7.16
    0.888147   -0.0355404    -0.458182     0.107019
   0.0378587     0.999275  -0.00412605 -0.000579997
    0.457997   -0.0136817     0.888849    0.0135729
7.2
    0.885149   -0.0359785    -0.463915     0.106831
   0.0385112      0.99925  -0.00401665 -0.000573313
    0.463711   -0.0143106     0.885871    0.0138073
7.22
    0.883956   -0.0363313    -0.466157     0.106703
   0.0389787     0.999232  -0.00396412 -0.000562584
    0.465943   -0.0146661     0.884693    0.0138611
7.24
    0.882854   -0.0369604    -0.468191     0.106676
   0.0397429     0.999202  -0.00393799 -0.000466104
    0.467963   -0.0151306     0.883619    0.0133473
7.26
    0.881885   -0.0374545    -0.469975     0.106655
   0.0404178     0.999176  -0.00378697 -0.000465078
    0.469729   -0.0156557     0.882672    0.0134081
7.28
    0.880914   -0.0379778     -0.47175     0.106639
   0.0411522     0.999146  -0.00359038 -0.000458401
    0.471483   -0.0162507     0.881725     0.013544
7.3
     0.87986    -0.038568    -0.473665     0.106642
   0.0419936     0.999112   -0.0033468 -0.000467708
    0.473374   -0.0169462     0.880699     0.013623
7.32
    0.878755   -0.0391333    -0.475665     0.106623
   0.0428461     0.999077  -0.00303973 -0.000467005
    0.475345   -0.0177092     0.879621    0.0136758
7.34
   0.877569  -0.0396085   -0.477812    0.106617
  0.0436347    0.999044 -0.00267501 -0.00045818
   0.477461  -0.0185017    0.878458   0.0138693
7.36
    0.876283   -0.0401252    -0.480123     0.106605
    0.044453     0.999009  -0.00235788 -0.000453041
    0.479742   -0.0192767     0.877198    0.0140275
7.38
    0.874809   -0.0405822    -0.482765     0.106602
    0.045179     0.998977  -0.00210807 -0.000450668
    0.482357   -0.0199667     0.875747    0.0142749
7.4
    0.87314  -0.0409365   -0.485748    0.106597
  0.0457487    0.998951 -0.00195269 -0.00043975
   0.485318  -0.0205174    0.874097   0.0145113
7.42
    0.871443   -0.0411033    -0.488771     0.106582
    0.046025     0.998938  -0.00194663 -0.000425505
    0.488333   -0.0207993      0.87241    0.0146921
7.44
      0.8698   -0.0410122    -0.491697     0.106551
   0.0459565     0.998941  -0.00202527 -0.000415635
     0.49126   -0.0208351     0.870764    0.0148339
7.46
    0.868326   -0.0407825    -0.494314       0.1065
   0.0457167     0.998952  -0.00210962 -0.000409498
    0.493882   -0.0207665     0.869281    0.0148643
7.48
    0.867063   -0.0405734    -0.496543     0.106469
   0.0455261     0.998961  -0.00212931 -0.000405494
    0.496114   -0.0207594     0.868009    0.0148059
7.52
    0.865281   -0.0404099    -0.499656     0.106409
   0.0455192     0.998962  -0.00196345 -0.000392687
    0.499216    -0.021045     0.866222    0.0147426
7.54
    0.864667   -0.0404097    -0.500717     0.106378
   0.0456474     0.998956  -0.00179286 -0.000389047
    0.500267   -0.0213062     0.865609    0.0148252
7.56
    0.864095   -0.0404853    -0.501697     0.106369
   0.0458208     0.998948  -0.00169268 -0.000380488
    0.501238   -0.0215255     0.865042    0.0148401
7.58
    0.863537   -0.0406602    -0.502644     0.106355
    0.046093     0.998936  -0.00161934 -0.000382614
    0.502175     -0.02177     0.864492    0.0149138
7.6
    0.862834   -0.0409015    -0.503829     0.106372
   0.0464245     0.998921  -0.00158926 -0.000380846
    0.503351   -0.0220188     0.863802    0.0150226
7.62
     0.86195   -0.0412317    -0.505314     0.106374
   0.0468787     0.998899  -0.00154214 -0.000381876
    0.504821   -0.0223592     0.862934    0.0151229
7.64
    0.860831   -0.0415429    -0.507192     0.106393
   0.0472832      0.99888  -0.00156465 -0.000384458
    0.506689   -0.0226348     0.861832    0.0152536
7.66
    0.859475    -0.041698    -0.509475     0.106401
   0.0475623     0.998867   -0.0015156 -0.000384881
    0.508961   -0.0229292     0.860484    0.0154159
7.68
   0.857889  -0.0416731   -0.512142    0.106406
  0.0476342    0.998864 -0.00148561 -0.00037975
   0.511622   -0.023121      0.8589    0.015617
7.7
    0.856303   -0.0415034    -0.514804     0.106358
   0.0474944      0.99887  -0.00152858 -0.000361422
    0.514286   -0.0231414     0.857306    0.0158183
7.72
    0.854681    -0.041375    -0.517502     0.106321
   0.0473545     0.998877  -0.00165308 -0.000350722
    0.516989   -0.0230932      0.85568    0.0161068
7.74
    0.853058   -0.0412813     -0.52018     0.106277
   0.0472167     0.998883  -0.00183897 -0.000336291
    0.519675   -0.0229925     0.854055    0.0163912
7.76
    0.851473   -0.0413893    -0.522763     0.106348
   0.0472557     0.998881  -0.00211574 -0.000314467
    0.522265    -0.022902     0.852475    0.0161737
7.78
    0.849839   -0.0412579    -0.525425     0.106283
   0.0471475     0.998886  -0.00217754 -0.000303499
    0.524929   -0.0229219     0.850837    0.0163716
7.8
    0.848155   -0.0412689    -0.528138      0.10625
    0.047234     0.998881  -0.00219814 -0.000290643
    0.527638   -0.0230817     0.849156    0.0165853
7.82
     0.84647   -0.0414155    -0.530822     0.106224
   0.0474639      0.99887  -0.00224548 -0.000285296
    0.530316   -0.0232942      0.84748    0.0167265
7.84
    0.844852   -0.0416664    -0.533374     0.106181
   0.0478006     0.998854  -0.00231405 -0.000282291
     0.53286   -0.0235406     0.845876    0.0168393
7.86
    0.843218   -0.0419802     -0.53593     0.106164
   0.0481918     0.998835  -0.00241656 -0.000270607
    0.535407   -0.0237897     0.844259    0.0168955
7.88
     0.84159   -0.0424026     -0.53845     0.106158
    0.048695      0.99881  -0.00254612 -0.000275243
    0.537917    -0.024077     0.842654    0.0169226
7.9
   0.839985  -0.0428996   -0.540911    0.106165
  0.0493888    0.998776 -0.00251672 -0.00029588
   0.540357  -0.0246009    0.841076   0.0166912
7.92
   0.838309  -0.0435346   -0.543455    0.106172
  0.0502881    0.998732 -0.00243343 -0.00028748
   0.542871  -0.0252893    0.839435   0.0167289
7.94
    0.836592   -0.0442112     -0.54604     0.106152
   0.0511674     0.998687  -0.00246658 -0.000274062
    0.545432   -0.0258759     0.837756    0.0168317
7.96
    0.834875   -0.0449143    -0.548604     0.106114
    0.052036     0.998642  -0.00256979 -0.000259947
    0.547974   -0.0264017     0.836078    0.0170194
7.98
    0.833094   -0.0456031    -0.551248      0.10606
   0.0528028     0.998601  -0.00281112 -0.000251317
    0.550605   -0.0267656     0.834336    0.0173062
8
     0.83132   -0.0461255    -0.553877     0.106002
     0.05339     0.998569  -0.00302477 -0.000245206
    0.553224   -0.0270569     0.832593     0.017557
8.02
    0.829541   -0.0463422     -0.55652     0.105945
   0.0537151     0.998552   -0.0030839 -0.000237234
    0.555856   -0.0273353     0.830829    0.0178603
8.04
    0.827669   -0.0463219    -0.559302     0.105889
   0.0537752     0.998548  -0.00312276 -0.000222863
    0.558634    -0.027492     0.828958    0.0181762
8.06
    0.825829   -0.0462203    -0.562024     0.105823
   0.0536683     0.998553  -0.00326082 -0.000207869
    0.561361     -0.02747     0.827115     0.018444
8.08
       0.824   -0.0462172    -0.564702     0.105767
   0.0536685     0.998553  -0.00341328 -0.000208307
    0.564042   -0.0274941     0.825288    0.0186486
8.1
   0.822143  -0.0463355   -0.567393    0.105726
  0.0538515    0.998543 -0.00351504 -0.00021251
   0.566729  -0.0276651     0.82344   0.0187796
8.12
    0.820233   -0.0466803    -0.570122     0.105697
   0.0543278     0.998517   -0.0035951 -0.000209332
    0.569444   -0.0280246     0.821552    0.0188745
8.14
    0.818314   -0.0471494    -0.572835     0.105665
   0.0549581     0.998482   -0.0036745 -0.000206332
    0.572138    -0.028475     0.819663    0.0190257
8.16
    0.816725   -0.0476349    -0.575057     0.106115
   0.0556816     0.998442  -0.00362408 -0.000258324
    0.574334   -0.0290603     0.818105    0.0183449
8.18
    0.814802   -0.0481033     -0.57774     0.106064
   0.0563459     0.998405   -0.0036622 -0.000248654
    0.576995   -0.0295693     0.816212    0.0185886
8.2
    0.812805    -0.048447    -0.580518     0.106018
    0.056822     0.998377  -0.00376074 -0.000241103
    0.579758   -0.0299295     0.814239    0.0188541
8.22
  0.810734  -0.048617  -0.583392   0.105977
 0.0570246   0.998365 -0.0039522 -0.0002335
   0.58263 -0.0300635   0.812181  0.0190756
8.24
    0.808494   -0.0485817    -0.586496      0.10592
   0.0569936     0.998366  -0.00413195 -0.000228066
    0.585738   -0.0300859     0.809942    0.0194549
8.28
    0.803152   -0.0482006    -0.593821     0.105824
   0.0565745     0.998388  -0.00452147 -0.000255777
    0.593082   -0.0299637     0.804584    0.0199682
8.3
    0.800342   -0.0480053    -0.597618      0.10577
   0.0563867     0.998398  -0.00468493 -0.000294064
    0.596886   -0.0299482     0.801767     0.020191
8.32
    0.797535   -0.0480609    -0.601355     0.105711
   0.0565065      0.99839  -0.00485179 -0.000304581
     0.60062    -0.030111     0.798967    0.0203003
8.34
    0.794806   -0.0481909    -0.604947     0.105643
   0.0566922     0.998379   -0.0050476 -0.000262269
    0.604209   -0.0302839      0.79625    0.0204431
8.36
    0.792235   -0.0484356    -0.608291     0.105596
   0.0570602     0.998357  -0.00518002 -0.000264934
    0.607543   -0.0306054     0.793697    0.0205513
8.38
    0.78972  -0.0487834   -0.611524     0.10554
   0.057542    0.998329 -0.00533056 -0.00024463
   0.610762  -0.0309787    0.791208    0.020723
8.4
    0.787101   -0.0493086     -0.61485     0.105496
   0.0582751     0.998286   -0.0054578 -0.000259292
    0.614065   -0.0315346     0.788625    0.0208798
8.42
    0.784338   -0.0499498    -0.618319     0.105425
