12.875
  0.959013  -0.024274  -0.282322  0.0120419
 0.0278123   0.999577 0.00853126 -0.0105369
  0.281995 -0.0160336   0.959282  0.0101066
12.9167
  0.958131 -0.0245495  -0.285276  0.0120202
 0.0281838   0.999565 0.00864067 -0.0107036
   0.28494 -0.0163191   0.958406  0.0102244
12.9583
   0.95716 -0.0247638  -0.288499  0.0122723
 0.0284417   0.999559 0.00856266  -0.010641
  0.288159 -0.0164012   0.957442  0.0103535
13
   0.956688  -0.0244678   -0.290087    0.011611
  0.0272384    0.999614  0.00551659 -0.00792975
    0.28984  -0.0131791    0.956985   0.0110747
13.0417
   0.955742  -0.0246257   -0.293173   0.0116017
  0.0274631    0.999607  0.00556553 -0.00801272
   0.292921  -0.0133707    0.956043   0.0111848
13.0833
   0.954755  -0.0248099   -0.296357   0.0116974
  0.0277086      0.9996  0.00558421 -0.00808835
     0.2961  -0.0135432    0.955061   0.0113815
13.125
     0.9538  -0.0249868   -0.299402   0.0116178
  0.0279511    0.999593  0.00562171 -0.00817604
    0.29914  -0.0137306     0.95411   0.0115409
13.1667
   0.952809  -0.0251373   -0.302527   0.0116708
  0.0281528    0.999588  0.00561047 -0.00822177
   0.302262  -0.0138627    0.953124   0.0116985
13.2083
   0.951834  -0.0253466   -0.305563    0.011599
  0.0284284     0.99958  0.00563945 -0.00830504
   0.305292  -0.0140545    0.952155   0.0119147
13.25
   0.950803  -0.0256042   -0.308738   0.0117125
  0.0287499    0.999571  0.00564331 -0.00837461
   0.308461  -0.0142419    0.951131   0.0120945
13.2917
   0.949792  -0.0258778   -0.311809   0.0116342
  0.0290837    0.999561  0.00563478 -0.00843911
   0.311526  -0.0144204    0.950128   0.0122011
13.3333
   0.948714  -0.0261698   -0.315052   0.0117411
  0.0294666    0.999549  0.00570494 -0.00856437
    0.31476  -0.0146959    0.949057   0.0124398
13.375
   0.947579  -0.0264515   -0.318425   0.0118875
   0.029831    0.999538  0.00574064 -0.00864884
   0.318127  -0.0149387    0.947931   0.0127273
13.4167
   0.946478  -0.0266731   -0.321665   0.0118618
  0.0301323    0.999529  0.00577922 -0.00873936
    0.32136  -0.0151624    0.946836   0.0128432
13.4583
  0.945453 -0.0269329  -0.324643  0.0116755
 0.0304541    0.99952 0.00576925 -0.0087568
  0.324331 -0.0153412   0.945819  0.0129555
13.5
   0.944492   -0.027229   -0.327404   0.0114839
  0.0308332    0.999508   0.0058219 -0.00887454
   0.327084  -0.0155936    0.944867   0.0130558
13.5417
   0.943552  -0.0275359   -0.330077   0.0114617
  0.0311932    0.999497   0.0057875 -0.00887367
   0.329751  -0.0157569    0.943936    0.013014
13.5833
   0.942638  -0.0278334   -0.332655   0.0114387
  0.0315624    0.999485  0.00581064 -0.00891663
   0.332321  -0.0159767    0.943031   0.0131229
13.625
   0.941646   -0.028205   -0.335421    0.011606
  0.0319935    0.999471  0.00577329 -0.00888799
   0.335081  -0.0161677    0.942051    0.013156
13.6667
   0.940555  -0.0285878   -0.338435   0.0118672
  0.0324683    0.999456  0.00580918 -0.00894962
   0.338085  -0.0164523    0.940972   0.0134309
13.7083
   0.939407  -0.0289074   -0.341582   0.0120574
  0.0328695    0.999443  0.00581582 -0.00896066
   0.341224  -0.0166911    0.939834   0.0135984
13.75
   0.938836  -0.0295502   -0.343096   0.0116634
   0.033203    0.999437  0.00477607 -0.00883925
   0.342761  -0.0158758    0.939288   0.0145628
13.8333
   0.936296  -0.0299563   -0.349932   0.0117084
  0.0337766    0.999418  0.00481824 -0.00912453
   0.349584  -0.0163308    0.936763   0.0150023
13.875
   0.934943  -0.0302054   -0.353509   0.0117306
  0.0341114    0.999406  0.00482236 -0.00923699
   0.353154  -0.0165673    0.935419   0.0151955
13.9167
   0.933562  -0.0305243   -0.357113    0.011705
  0.0345398    0.999391  0.00487059 -0.00937318
   0.356747  -0.0168816    0.934049   0.0153973
13.9583
   0.932171  -0.0308115   -0.360703   0.0116787
  0.0349106    0.999379  0.00485228 -0.00938762
    0.36033  -0.0171155    0.932668   0.0156252
14
   0.930747  -0.0311528   -0.364335   0.0116865
  0.0353534    0.999363  0.00486396 -0.00950095
   0.363951  -0.0174076    0.931255   0.0158332
14.0417
   0.929339  -0.0314604   -0.367884   0.0116547
  0.0357476    0.999349  0.00484299 -0.00955357
   0.367492  -0.0176517    0.929859   0.0159542
14.0833
   0.927926  -0.0318085   -0.371404   0.0115911
  0.0361861    0.999333  0.00482161 -0.00959407
   0.371003  -0.0179138    0.928459   0.0161254
14.125
   0.926496  -0.0321216    -0.37493   0.0115796
  0.0365788    0.999319  0.00477524 -0.00965314
   0.374522  -0.0181387    0.927041    0.016366
14.1667
   0.925043  -0.0323288   -0.378485   0.0115847
   0.036888    0.999308   0.0047994 -0.00980151
   0.378068  -0.0184012    0.925595   0.0165802
14.2083
   0.923591  -0.0324491   -0.382004   0.0115834
  0.0370649    0.999302  0.00472853 -0.00983247
   0.381584  -0.0185262    0.924148   0.0167658
14.25
   0.922127  -0.0326468   -0.385507    0.011507
  0.0373429    0.999291  0.00469829 -0.00992481
    0.38508  -0.0187283    0.922693   0.0169667
14.2917
  0.920663 -0.0328488  -0.388975   0.011457
 0.0376073   0.999282 0.00462359 -0.0099565
  0.388543  -0.018885   0.921237  0.0171006
14.3333
  0.919211 -0.0331198   -0.39237   0.011393
 0.0379491   0.999269 0.00455591  -0.010002
  0.391933 -0.0190779   0.919796  0.0172427
14.375
  0.917856 -0.0336204  -0.395488  0.0109702
 0.0385698   0.999245 0.00456759 -0.0103155
  0.395036 -0.0194463    0.91846  0.0176824
14.4167
  0.916362 -0.0338897  -0.398914  0.0109689
 0.0389153   0.999232 0.00450431 -0.0104325
  0.398456 -0.0196515   0.916977  0.0179549
14.4583
  0.914834  -0.034077   -0.40239  0.0109784
 0.0391666   0.999223 0.00442464 -0.0105119
  0.401927 -0.0198081   0.915458  0.0181924
14.5
  0.913214 -0.0342838  -0.406034  0.0110286
 0.0394717   0.999211 0.00440709 -0.0107118
  0.405563 -0.0200515   0.913847   0.018501
14.5417
  0.911499 -0.0344691  -0.409855  0.0110215
 0.0397751   0.999199 0.00442476  -0.010935
  0.409374 -0.0203352    0.91214  0.0187997
14.5833
  0.909651  -0.034663  -0.413925  0.0111144
 0.0400502   0.999188 0.00434101 -0.0110471
  0.413438 -0.0205266   0.910301  0.0192031
14.625
  0.907698 -0.0349518  -0.418166  0.0111353
 0.0404711   0.999171 0.00433487 -0.0112607
  0.417668 -0.0208584    0.90836  0.0196015
14.6667
  0.905663 -0.0352769  -0.422528  0.0111201
 0.0409231   0.999153  0.0042969 -0.0114382
  0.422018 -0.0211827    0.90634  0.0199232
14.7083
  0.903608 -0.0356812  -0.426872  0.0110712
 0.0414501   0.999132 0.00422706  -0.011581
  0.426351 -0.0215135   0.904302  0.0201726
14.75
  0.901606 -0.0360988   -0.43105  0.0109167
 0.0419754    0.99911 0.00412623 -0.0116247
  0.430517 -0.0218137   0.902319  0.0203327
14.7917
  0.899623 -0.0365628  -0.435134  0.0108481
 0.0425567   0.999086 0.00403474 -0.0116289
  0.434589 -0.0221476   0.900357  0.0205169
14.8333
  0.897718 -0.0370897  -0.439007   0.010723
 0.0432214   0.999058 0.00397683 -0.0116913
  0.438446 -0.0225446   0.898475  0.0207452
14.875
  0.895884 -0.0374884  -0.442704  0.0106425
 0.0437441   0.999035 0.00392464 -0.0117253
   0.44213 -0.0228817   0.896659  0.0209388
14.9167
  0.894216 -0.0377256  -0.446042  0.0104232
 0.0440912    0.99902 0.00389763 -0.0117439
  0.445458 -0.0231519   0.895003  0.0210895
14.9583
  0.892698 -0.0379178  -0.449058  0.0102349
 0.0443649   0.999008 0.00383966 -0.0116409
  0.448467   -0.02335   0.893495  0.0210509
15
  0.891017 -0.0377937  -0.452394  0.0110931
 0.0452723   0.998958 0.00571188 -0.0139972
  0.451707 -0.0255703     0.8918  0.0214062
15.0417
  0.889863 -0.0380875  -0.454635  0.0109164
 0.0456207   0.998943 0.00560653 -0.0137548
  0.453941 -0.0257298    0.89066  0.0213469
15.0833
  0.888871 -0.0385506  -0.456532  0.0107033
  0.046249   0.998914 0.00569668 -0.0137485
  0.455816 -0.0261778   0.889689  0.0213668
15.125
  0.887967 -0.0390672  -0.458245  0.0105432
 0.0470048   0.998877 0.00592572 -0.0138993
  0.457499 -0.0268016   0.888806  0.0214152
15.1667
  0.887013 -0.0395633  -0.460046  0.0105639
 0.0477103   0.998843 0.00609097 -0.0138415
  0.459272 -0.0273517   0.887874  0.0215981
15.2083
  0.885986 -0.0401766  -0.461967  0.0105574
  0.048695   0.998792 0.00652657  -0.014156
  0.461147  -0.028278   0.886873   0.021812
15.25
  0.884885 -0.0407973  -0.464019  0.0105512
  0.049664   0.998742 0.00689826 -0.0142978
  0.463154 -0.0291492   0.885798  0.0220071
15.2917
  0.883751 -0.0413446  -0.466128  0.0105011
 0.0506195   0.998691 0.00738959 -0.0145208
  0.465213 -0.0301257   0.884686  0.0223134
15.3333
  0.882436  -0.041871  -0.468565  0.0106585
 0.0515242   0.998641 0.00779557 -0.0146637
  0.467602 -0.0310215   0.883394  0.0226654
15.375
   0.88096 -0.0423697   -0.47129  0.0107881
 0.0524281   0.998591  0.0082264 -0.0149656
  0.470277  -0.031956    0.88194  0.0231576
15.4167
  0.879292 -0.0427829  -0.474358  0.0109217
 0.0531324   0.998552 0.00842814 -0.0150722
   0.47331 -0.0326146   0.880292  0.0235692
15.4583
  0.877612 -0.0429802  -0.477442  0.0109552
  0.053516   0.998531 0.00848093 -0.0151749
  0.476376 -0.0329937   0.878622  0.0238976
15.5
  0.876001 -0.0428941  -0.480399  0.0109005
 0.0535244   0.998531 0.00844356 -0.0152566
  0.479331 -0.0331096    0.87701  0.0242129
15.5417
  0.874609  -0.042627  -0.482951  0.0106397
 0.0532733   0.998545 0.00834099 -0.0152404
  0.481893 -0.0330235   0.875608  0.0242272
15.5833
  0.873452 -0.0423934  -0.485061  0.0103669
 0.0530137    0.99856 0.00818984 -0.0150578
  0.484015 -0.0328683   0.874442  0.0239934
15.625
  0.872546 -0.0422507  -0.486702  0.0100922
 0.0529104   0.998566 0.00817054 -0.0149792
  0.485659 -0.0328808    0.87353  0.0238161
15.6667
  0.871833 -0.0422079  -0.487982 0.00989783
  0.052971   0.998562 0.00826806 -0.0149396
  0.486931 -0.0330573   0.872814  0.0236523
15.7083
  0.871231 -0.0422178  -0.489055 0.00984966
 0.0530896   0.998555  0.0083764 -0.0148583
  0.487994 -0.0332615   0.872213  0.0237115
15.75
  0.870712 -0.0423107   -0.48997 0.00974443
 0.0532803   0.998544 0.00845488 -0.0148279
  0.488899 -0.0334675   0.871698  0.0236895
15.7917
  0.870161 -0.0424579  -0.490935 0.00973454
 0.0535365   0.998529 0.00853457 -0.0148391
  0.489851 -0.0337094   0.871154  0.0238207
15.8333
  0.869446 -0.0427735  -0.492173 0.00984146
 0.0540276   0.998502 0.00866496 -0.0150309
  0.491065 -0.0341246   0.870454  0.0240311
15.875
  0.868535 -0.0431209  -0.493749 0.00996266
 0.0545928    0.99847 0.00883208 -0.0152319
  0.492612 -0.0346261    0.86956   0.024366
15.9167
  0.867389 -0.0434798  -0.495728  0.0101472
 0.0552275   0.998433 0.00906163 -0.0156555
  0.494557 -0.0352378   0.868431  0.0247187
15.9583
  0.866033 -0.0436746  -0.498075  0.0102748
 0.0556613   0.998407 0.00923474 -0.0158867
  0.496878 -0.0357211   0.867085  0.0250261
16
  0.864406 -0.0437317  -0.500889  0.0105169
 0.0559947   0.998386 0.00946524  -0.016255
  0.499667 -0.0362289    0.86546  0.0255013
16.0417
  0.862873 -0.0435563   -0.50354  0.0103744
 0.0559113   0.998391 0.00944937 -0.0162999
  0.502318 -0.0363072    0.86392  0.0258237
16.0833
  0.861255 -0.0434469  -0.506313  0.0104219
 0.0559033   0.998392 0.00942096 -0.0164828
  0.505089 -0.0364184   0.862298  0.0263352
16.125
  0.859219 -0.0425982  -0.509832   0.011428
 0.0561018   0.998363  0.0111317 -0.0185582
  0.508523 -0.0381671   0.860202  0.0270523
16.1667
  0.857473 -0.0425451  -0.512767  0.0114856
 0.0561943   0.998358  0.0111356 -0.0189564
  0.511451  -0.038363   0.858456  0.0275691
16.2083
   0.85587 -0.0424452  -0.515447  0.0113564
 0.0562653   0.998353  0.0112145 -0.0192009
  0.514122    -0.0386   0.856848  0.0278141
16.25
  0.854217 -0.0424768  -0.518178  0.0112491
 0.0566076    0.99833  0.0114812 -0.0196477
  0.516825 -0.0391403   0.855196  0.0284187
16.2917
  0.852558  -0.042633  -0.520891  0.0112052
 0.0569043   0.998314  0.0114286 -0.0196782
  0.519526 -0.0393845   0.853547  0.0286784
16.3333
  0.850955 -0.0429116  -0.523482  0.0111266
 0.0573794   0.998287  0.0114411 -0.0198493
  0.522094  -0.039773    0.85196  0.0288502
16.375
  0.849394 -0.0432286  -0.525986  0.0109799
 0.0578306   0.998262  0.0113454 -0.0198855
  0.524581 -0.0400548   0.850418  0.0289813
16.4167
  0.847824 -0.0436768  -0.528476  0.0109248
 0.0583768   0.998232  0.0111522 -0.0198434
  0.527054 -0.0403058   0.848875  0.0288638
16.4583
  0.846322 -0.0441998  -0.530834  0.0106747
 0.0592211   0.998181  0.0113044  -0.020115
  0.529369 -0.0410037     0.8474  0.0285504
16.5
  0.844678 -0.0448505  -0.533393  0.0107266
 0.0601279   0.998127  0.0112904 -0.0200166
  0.531887 -0.0416085   0.845792  0.0285359
16.5417
  0.843031 -0.0455496  -0.535932  0.0105958
 0.0610797   0.998069  0.0112522  -0.020037
  0.534385 -0.0422206   0.844186  0.0286172
16.5833
  0.841325 -0.0462853  -0.538544  0.0105768
 0.0620326   0.998012  0.0111343 -0.0200533
  0.536958 -0.0427748   0.842524  0.0289105
16.625
  0.839571 -0.0469685  -0.541215  0.0105069
 0.0628581   0.997963  0.0109034 -0.0200849
    0.5396 -0.0431739   0.840814  0.0293866
16.6667
  0.837791 -0.0475197   -0.54392  0.0104421
 0.0637384   0.997906  0.0109928 -0.0205887
  0.542258 -0.0438782   0.839065  0.0299915
16.7083
  0.836002 -0.0477626  -0.546644  0.0104339
  0.064304   0.997868  0.0111543 -0.0209596
  0.544946 -0.0444764   0.837291  0.0304997
16.75
  0.834145 -0.0477474  -0.549474  0.0103859
 0.0645082   0.997854  0.0112185 -0.0211362
   0.54776 -0.0448035   0.835435  0.0310901
16.7917
  0.832314 -0.0476444  -0.552253   0.010334
 0.0645273   0.997854  0.0111629 -0.0212826
  0.550536 -0.0449264   0.833602   0.031549
16.8333
  0.830151 -0.0466468  -0.555584  0.0111712
 0.0637606   0.997899  0.0114872 -0.0212273
  0.553881 -0.0449605   0.831381  0.0314276
16.875
  0.828305 -0.0467725  -0.558322  0.0111584
 0.0640103   0.997884  0.0113672 -0.0212627
  0.556609 -0.0451539   0.829547  0.0315746
16.9167
  0.826457 -0.0471331  -0.561024  0.0110047
 0.0646214   0.997845  0.0113636 -0.0214328
  0.559279 -0.0456457   0.827722  0.0318107
16.9583
  0.824592  -0.047594  -0.563723  0.0109265
 0.0652764   0.997804  0.0112411 -0.0214023
   0.56195 -0.0460671   0.825888  0.0319346
17
  0.822767 -0.0481707  -0.566334  0.0107404
 0.0662136   0.997741  0.0113298   -0.02166
  0.564509 -0.0468208   0.824098  0.0320474
17.0417
  0.820875 -0.0486784   -0.56903  0.0106198
 0.0671141   0.997679  0.0114701  -0.021979
  0.567151 -0.0476054   0.822237  0.0324747
17.0833
  0.818887 -0.0490137  -0.571858  0.0106147
 0.0676629   0.997643  0.0113841 -0.0220275
  0.569952 -0.0480159   0.820274   0.032906
17.125
  0.816815 -0.0491674  -0.574801  0.0106343
  0.068004   0.997621  0.0113018 -0.0222323
  0.572878 -0.0483203   0.818215  0.0333258
17.1667
  0.814542 -0.0491491  -0.578019  0.0107271
 0.0682809   0.997601  0.0113949 -0.0227024
  0.576073 -0.0487493   0.815944  0.0339946
17.2083
  0.811876  -0.049016  -0.581769  0.0109591
 0.0684791   0.997586  0.0115146   -0.02325
    0.5798 -0.0491874   0.813272  0.0346969
17.25
  0.809143 -0.0487616  -0.585585     0.0108
 0.0684008   0.997592  0.0114447 -0.0235652
  0.583617 -0.0493149    0.81053  0.0351694
17.2917
  0.806428 -0.0486155   -0.58933  0.0106364
 0.0683794   0.997596  0.0112746 -0.0236644
  0.587365 -0.0493902   0.807814  0.0353264
17.5
  0.793623 -0.0500615  -0.606346 0.00949458
 0.0711012   0.997412  0.0107129 -0.0243806
  0.604241  -0.051614   0.795128  0.0362282
17.5417
   0.79088 -0.0507144  -0.609866 0.00943561
   0.07212    0.99734  0.0105906 -0.0245689
  0.607706 -0.0523594   0.792434  0.0367617
17.625
  0.784653 -0.0521699  -0.617736 0.00919665
 0.0745735    0.99716  0.0105103  -0.025336
  0.615433 -0.0543137   0.786315  0.0380756
17.6667
  0.780438 -0.0516003  -0.623101  0.0112409
 0.0749035   0.997127  0.0112428 -0.0259032
  0.620731 -0.0554468   0.782061  0.0380662
17.7083
  0.776907 -0.0519317   -0.62747  0.0110379
 0.0756063   0.997076   0.011091 -0.0261546
  0.625059 -0.0560573   0.778562  0.0386961
17.75
  0.773825 -0.0519354  -0.631266   0.010463
 0.0757109   0.997072  0.0107779 -0.0261158
  0.628858  -0.056134   0.775491  0.0387783
17.7917
  0.771302 -0.0517156  -0.634365 0.00988109
 0.0754606   0.997094  0.0104634  -0.025992
  0.631981   -0.05594   0.772963  0.0389027
17.8333
  0.769308 -0.0515116  -0.636798 0.00954319
 0.0752069   0.997116  0.0101984 -0.0258094
  0.634436 -0.0557373   0.770964  0.0387018
17.875
  0.767561 -0.0516309  -0.638893 0.00931021
 0.0754913   0.997095  0.0101163  -0.025847
  0.636515 -0.0559957   0.769229  0.0386255
17.9167
  0.765564 -0.0521425  -0.641243 0.00934286
 0.0764075   0.997025  0.0101482 -0.0260655
  0.638806 -0.0567648   0.767271  0.0386782
17.9583
  0.763254 -0.0528701  -0.643932 0.00933505
 0.0775608   0.996937  0.0100795 -0.0261936
  0.641427 -0.0576371   0.765016  0.0388197
18
  0.760673  -0.053688  -0.646912 0.00931027
 0.0788673   0.996835  0.0100077 -0.0263894
  0.644327 -0.0586327   0.762499  0.0391333
18.0417
   0.75763 -0.0541509  -0.650434 0.00940882
 0.0796637   0.996774 0.00980804 -0.0265504
  0.647805 -0.0592469   0.759499  0.0397421
18.0833
  0.754358 -0.0540923   -0.65423  0.0094717
  0.079917   0.996754 0.00973566 -0.0269375
   0.65158 -0.0596283   0.756233  0.0402195
18.125
  0.750279 -0.0533918  -0.658962  0.0110721
 0.0792505    0.99681 0.00946723 -0.0266022
  0.656354 -0.0593261   0.752117  0.0400502
18.1667
  0.746788  -0.053393  -0.662916  0.0108835
 0.0794044     0.9968 0.00916574 -0.0267456
  0.660305 -0.0594833   0.748638  0.0402868
18.2083
  0.743345 -0.0536307  -0.666755  0.0105571
 0.0799104   0.996762 0.00891464 -0.0269481
  0.664118 -0.0599073   0.745223  0.0404398
18.25
  0.739967  -0.054089  -0.670465  0.0102847
 0.0806773   0.996703 0.00863265 -0.0270231
  0.667787 -0.0604792   0.741891  0.0405431
18.2917
  0.736719 -0.0546945  -0.673983 0.00996931
 0.0817272   0.996619 0.00845779 -0.0271783
  0.671242 -0.0613138   0.738698  0.0407632
18.3333
  0.733444 -0.0553673  -0.677491 0.00973346
 0.0828672   0.996526 0.00827099 -0.0272729
   0.67468 -0.0622081   0.735485  0.0410978
18.375
  0.730017 -0.0560544  -0.681127 0.00958644
 0.0841134   0.996423  0.0081487 -0.0275368
  0.678233 -0.0632406    0.73212  0.0414394
18.4167
  0.726208  -0.056595  -0.685142 0.00959867
 0.0851744   0.996334 0.00797905 -0.0277902
  0.682179  -0.064151   0.728366  0.0419813
18.4583
  0.722199 -0.0569649  -0.689336 0.00947426
 0.0859999   0.996265  0.0077711 -0.0280444
  0.686319 -0.0648951     0.7244  0.0424304
18.5
  0.718116 -0.0572194  -0.693567 0.00929046
 0.0865982   0.996215 0.00747552 -0.0281853
  0.690514 -0.0654299   0.720353  0.0428125
18.5417
  0.713878  -0.057497  -0.697906 0.00909486
  0.087178   0.996167 0.00710375 -0.0283376
  0.694823 -0.0659132   0.716154  0.0432065
18.5833
  0.709322 -0.0577564  -0.702514 0.00943252
 0.0877692   0.996118 0.00672506 -0.0283343
  0.699399 -0.0664294   0.711638  0.0434045
18.625
   0.70467 -0.0585225  -0.707118 0.00921699
 0.0890698   0.996005 0.00632999 -0.0286351
  0.703923 -0.0674434   0.707067  0.0438469
18.6667
  0.699992 -0.0593635  -0.711679 0.00887962
 0.0903651   0.995892 0.00581046 -0.0287949
  0.708411 -0.0683782    0.70248  0.0441978
18.7083
  0.695326 -0.0599984  -0.716186 0.00857643
 0.0914773   0.995793 0.00539044 -0.0289821
  0.712849 -0.0692629   0.697888  0.0446194
18.75
  0.690811 -0.0605458  -0.720496 0.00827999
 0.0924554   0.995704 0.00497355 -0.0291594
    0.7171 -0.0700495   0.693441  0.0449511
18.7917
  0.686292 -0.0609656  -0.724767 0.00798849
 0.0932879   0.995629 0.00458585 -0.0293587
  0.721319 -0.0707592   0.688979  0.0453956
18.8333
  0.681752 -0.0613304  -0.729008 0.00790076
  0.093787   0.995584 0.00395034 -0.0292327
  0.725547 -0.0710646   0.684493  0.0454634
18.875
  0.677136 -0.0617413  -0.733263 0.00769424
 0.0945798   0.995511 0.00351755 -0.0294387
  0.729754 -0.0717337   0.679936   0.045757
18.9167
  0.672471 -0.0622486  -0.737501 0.00775879
 0.0952931   0.995445  0.0028703 -0.0292875
  0.733963 -0.0722089    0.67534  0.0457787
18.9583
  0.667735  -0.062808  -0.741745 0.00764425
 0.0962118   0.995358 0.00232908 -0.0293757
  0.738155 -0.0729198   0.670678  0.0459707
19
   0.663045  -0.0630959   -0.745915  0.00819484
  0.0957272    0.995407 0.000892006  -0.0275594
   0.742433  -0.0719958     0.66604   0.0446429
19.0417
   0.658296  -0.0635018   -0.750076  0.00788306
  0.0964368    0.995339 0.000370861  -0.0276461
   0.746556  -0.0725791    0.661352   0.0449408
19.0833
    0.653523   -0.0637994    -0.754213   0.00767624
   0.0970189     0.995283 -0.000125009   -0.0277459
    0.750663   -0.0730912      0.65663    0.0451806
19.125
    0.648656   -0.0640484    -0.758382   0.00733074
   0.0975966     0.995226 -0.000574911   -0.0279331
    0.754798   -0.0736426      0.65181    0.0455505
19.1667
   0.643726  -0.0642933   -0.762551  0.00698605
  0.0981283    0.995173 -0.00106919  -0.0280361
   0.758939  -0.0741395    0.646928   0.0458738
19.2083
    0.63885  -0.0646729   -0.766609   0.0066553
   0.098769    0.995109 -0.00164108  -0.0281098
   0.762965  -0.0746688    0.642113   0.0460686
19.25
   0.634105  -0.0650236   -0.770508  0.00643743
  0.0994289    0.995042 -0.00214507  -0.0281913
   0.766828  -0.0752506    0.637427   0.0461883
19.2917
   0.629548  -0.0652542   -0.774216  0.00620462
  0.0998952    0.994994 -0.00263334  -0.0282257
   0.770513  -0.0756827    0.632915   0.0463902
19.3333
  0.625063 -0.0653786  -0.777832 0.00606726
  0.100192   0.994963 -0.0031147  -0.028276
  0.774117  -0.075986   0.628465   0.046517
19.375
   0.620578  -0.0656183   -0.781394  0.00596276
   0.100639    0.994916 -0.00362214   -0.028322
    0.77766   -0.076391    0.624027   0.0466337
19.4167
    0.61648  -0.0665062   -0.784557    0.006191
  0.0999612    0.994974 -0.00579677  -0.0256478
   0.780999  -0.0748516     0.62003    0.044429
19.4583
   0.611994  -0.0670208   -0.788018  0.00595824
    0.10083    0.994884 -0.00630734  -0.0257229
   0.784409  -0.0755961     0.61562   0.0445946
19.5
  0.607577  -0.067573  -0.791381  0.0057387
  0.101716    0.99479 -0.0068497 -0.0257497
  0.787721 -0.0763343   0.611285  0.0447823
19.5417
   0.603305  -0.0679244   -0.794613  0.00559423
    0.10233    0.994723 -0.00733695  -0.0257806
   0.790918   -0.076886    0.607072   0.0448732
19.5833
   0.599251  -0.0680407   -0.797664   0.0053951
   0.102625     0.99469 -0.00774891  -0.0258199
   0.793956   -0.077217    0.603052   0.0450132
19.625
   0.595462  -0.0680765   -0.800494  0.00519695
    0.10275    0.994674 -0.00815777  -0.0257818
   0.796785  -0.0773929    0.599286   0.0450828
19.6667
   0.591803   -0.068305   -0.803184    0.005097
   0.103166    0.994627 -0.00857068  -0.0257471
   0.799454  -0.0777895     0.59567   0.0451308
19.7083
   0.588268  -0.0686524   -0.805746  0.00487659
    0.10377    0.994561 -0.00897825  -0.0258017
    0.80198  -0.0783309    0.592193   0.0453223
19.75
   0.584886  -0.0690291   -0.808173  0.00474891
   0.104436    0.994488 -0.00936147  -0.0258694
   0.804364  -0.0789266    0.588871   0.0455182
19.7917
    0.58183  -0.0692743   -0.810355  0.00457817
   0.104879    0.994438 -0.00970815  -0.0258767
    0.80652   -0.079341    0.585859   0.0455787
19.8333
  0.579209 -0.0693021  -0.812228 0.00441298
  0.104366   0.994484 -0.0104282 -0.0250369
   0.80847 -0.0787289   0.583248  0.0450277
19.875
  0.576587  -0.069346  -0.814088 0.00422057
  0.104484   0.994469 -0.0107097 -0.0250215
  0.810328 -0.0788837   0.580643  0.0451097
19.9167
  0.574068   -0.06952  -0.815851 0.00407953
  0.104843   0.994428 -0.0109646 -0.0250533
  0.812067  -0.079242   0.578159  0.0451671
19.9583
   0.57147 -0.0698099  -0.817648  0.0039453
  0.105367    0.99437 -0.0112548 -0.0251061
   0.81383 -0.0797218   0.575608   0.045354
20
    0.5687 -0.0701796  -0.819546 0.00378564
  0.105993   0.994299 -0.0115931 -0.0251642
  0.815687 -0.0802735   0.572896  0.0455409
20.0417
  0.565777 -0.0704392  -0.821544 0.00365931
  0.106471   0.994244 -0.0119226  -0.025243
  0.817655  -0.080725   0.570021  0.0456326
20.0833
  0.562831 -0.0704787  -0.823562  0.0034656
  0.106647   0.994222 -0.0121997 -0.0252925
  0.819663 -0.0809641   0.567095  0.0458129
20.125
  0.560301 -0.0702829  -0.825302 0.00318207
  0.106256    0.99426 -0.0125336 -0.0250781
  0.821445  -0.080671   0.564553  0.0457769
20.1667
  0.558151 -0.0702259  -0.826762  0.0029755
   0.10621   0.994262 -0.0127508 -0.0250547
  0.822914 -0.0806934   0.562407   0.045972
20.2083
  0.555835 -0.0704366  -0.828303 0.00267676
  0.106566    0.99422  -0.013034 -0.0251367
  0.824434 -0.0810246   0.560128  0.0463275
20.25
  0.553247 -0.0707748  -0.830005 0.00242146
  0.107118   0.994156 -0.0133717 -0.0252686
  0.826101 -0.0815105   0.557595  0.0465772
20.2917
  0.550443 -0.0710797  -0.831841 0.00222279
  0.107641   0.994095 -0.0137159 -0.0254134
  0.827904 -0.0819908   0.554844  0.0468935
20.3333
  0.547327 -0.0712955  -0.833877 0.00196938
  0.108118   0.994039 -0.0140245 -0.0256364
  0.829906  -0.082481   0.551773  0.0472304
20.375
  0.543971 -0.0713735  -0.836063 0.00169234
  0.108352   0.994009 -0.0143598 -0.0257627
  0.832079 -0.0827775   0.548445  0.0475684
20.4167
  0.540445 -0.0715665   -0.83833  0.0014088
  0.108806   0.993954  -0.014708 -0.0259957
  0.834314 -0.0832663   0.544965  0.0479057
20.4583
   0.536821  -0.0720562   -0.840613 0.000851024
   0.109582    0.993861  -0.0152129  -0.0262741
   0.836549  -0.0839492    0.541422   0.0484813
20.5
   0.533016  -0.0723745   -0.843004 0.000568009
   0.110244    0.993782   -0.015614  -0.0264904
   0.838892  -0.0846138     0.53768   0.0488264
20.5417
   0.529025  -0.0726584    -0.84549 0.000201559
   0.110836    0.993709  -0.0160456  -0.0266139
   0.841337  -0.0852221     0.53375   0.0490931
20.5833
    0.524951   -0.0728498    -0.848009 -6.39036e-05
    0.111198     0.993661   -0.0165264   -0.0266871
    0.843837   -0.0856212     0.529724    0.0492897
20.625
    0.520883   -0.0729153    -0.850508 -0.000431891
    0.111471     0.993624   -0.0169158   -0.0268177
    0.846318   -0.0859959      0.52569    0.0495701
20.6667
     0.51677   -0.0730608    -0.853001 -0.000656293
    0.111817     0.993577   -0.0173598   -0.0268868
    0.848791   -0.0864088     0.521621    0.0497107
20.7083
    0.512814   -0.0731643    -0.855377 -0.000883111
    0.112221     0.993526   -0.0177024   -0.0269613
    0.851134   -0.0869131     0.517704    0.0497911
20.75
    0.509025   -0.0732224    -0.857632 -0.000982098
     0.11246     0.993492   -0.0180738   -0.0268463
    0.853373   -0.0872496     0.513947    0.0497602
20.7917
  0.505602 -0.0732529  -0.859652 -0.0010728
  0.112566   0.993473 -0.0184505 -0.0266724
  0.855392 -0.0874393   0.510547  0.0496379
20.8333
   0.502538  -0.0732994   -0.861442 -0.00124094
   0.112665    0.993455  -0.0188071  -0.0265594
   0.857183  -0.0876031    0.507507   0.0497275
20.875
   0.499828  -0.0733869    -0.86301 -0.00135454
     0.1128    0.993433  -0.0191471   -0.026544
   0.858748  -0.0877775    0.504824   0.0496916
20.9167
   0.497313  -0.0734716   -0.864455 -0.00142332
   0.112952     0.99341  -0.0194517  -0.0265219
   0.860187  -0.0879682    0.502334   0.0495892
20.9583
   0.494938  -0.0736112   -0.865804 -0.00152772
   0.113178    0.993378  -0.0197594  -0.0265358
   0.861526  -0.0882102    0.499992   0.0496592
21
   0.492349  -0.0735949   -0.867281 -0.00116422
   0.113299     0.99336  -0.0199745  -0.0265949
   0.862992  -0.0884277    0.497418   0.0498497
21.0417
   0.490325  -0.0736623   -0.868421 -0.00122408
   0.113428     0.99334  -0.0202147  -0.0266221
   0.864127  -0.0885919    0.495415   0.0498173
21.0833
   0.488431   -0.073649   -0.869489 -0.00123376
   0.113539    0.993325  -0.0203582  -0.0266519
   0.865184  -0.0887777    0.493533   0.0497616
21.125
   0.486654  -0.0736892   -0.870482 -0.00135759
   0.113672    0.993306  -0.0205367  -0.0266394
   0.866168  -0.0889554    0.491772   0.0498045
21.1667
   0.484915  -0.0737936   -0.871443 -0.00140061
   0.113914    0.993274  -0.0207229  -0.0266814
   0.867111  -0.0892204    0.490059   0.0498383
21.2083
   0.482923  -0.0739025   -0.872539 -0.00160261
   0.114189    0.993239  -0.0209253  -0.0267189
   0.868186  -0.0895295    0.488096   0.0500739
21.25
   0.480775  -0.0740112   -0.873715 -0.00177156
   0.114379    0.993211  -0.0211947  -0.0267609
   0.869352  -0.0897449    0.485976   0.0501878
21.2917
   0.478468  -0.0741212   -0.874971 -0.00191943
     0.1146     0.99318  -0.0214671  -0.0267991
   0.870595  -0.0900006    0.483699   0.0502978
21.3333
   0.475968  -0.0742466   -0.876323 -0.00214767
   0.114878    0.993142  -0.0217492  -0.0268504
   0.871927  -0.0903181    0.481233   0.0504624
21.375
   0.47326 -0.0744141  -0.877774 -0.0023697
  0.115195   0.993097 -0.0220826 -0.0269062
  0.873359  -0.090664   0.478565  0.0506203
21.4167
   0.470332  -0.0745799   -0.879332 -0.00248161
   0.115477    0.993056  -0.0224598   -0.026918
   0.874902  -0.0909789    0.475679   0.0507531
21.4583
  0.467198 -0.0747589  -0.880986 -0.0027824
  0.115849   0.993005 -0.0228285   -0.02701
   0.87653 -0.0913956   0.472591  0.0509681
21.5
   0.463872  -0.0749668   -0.882725 -0.00303321
   0.116254    0.992948  -0.0232361  -0.0270879
   0.878241  -0.0918417    0.469316   0.0511247
21.5417
   0.460367  -0.0751559   -0.884542 -0.00338453
   0.116662     0.99289  -0.0236444  -0.0271613
    0.88003   -0.092307    0.465862    0.051326
21.5833
    0.45673  -0.0753388   -0.886409 -0.00371508
   0.117059    0.992833  -0.0240686  -0.0272499
    0.88187  -0.0927692    0.462276   0.0515235
21.625
   0.453009  -0.0755255   -0.888301 -0.00411449
   0.117467    0.992774  -0.0245033  -0.0273683
   0.883733  -0.0932455    0.458608   0.0517445
21.6667
   0.448533  -0.0751624     -0.8906 -0.00423367
   0.118453    0.992667  -0.0241199  -0.0286784
   0.885882  -0.0946756    0.454147   0.0530049
21.7083
   0.444129   -0.075391   -0.892785 -0.00459184
    0.11909    0.992579  -0.0245752   -0.028933
   0.888013  -0.0954069    0.449812   0.0532879
21.75
  0.439455 -0.0756316  -0.895075   -0.00513
  0.119675   0.992496 -0.0251065 -0.0290888
  0.890257 -0.0960847   0.445209  0.0536517
21.7917
   0.434546  -0.0757966   -0.897455 -0.00570114
   0.120121    0.992428  -0.0256553  -0.0292704
   0.892603  -0.0966549     0.44036   0.0540568
21.8333
   0.429521  -0.0759733   -0.899856 -0.00634581
    0.12057    0.992358  -0.0262322   -0.029456
   0.894972  -0.0972287    0.435398   0.0544687
21.875
  0.424513 -0.0761802  -0.902211 -0.0068379
  0.120997    0.99229  -0.026854 -0.0295967
  0.897301  -0.097765   0.430457  0.0547163
21.9167
   0.419591  -0.0763888   -0.904493 -0.00742102
   0.121427     0.99222  -0.0274681  -0.0297113
   0.899555  -0.0983049    0.425602   0.0550965
21.9583
   0.414822  -0.0765598   -0.906676 -0.00792385
   0.121859    0.992152  -0.0280244  -0.0299149
   0.901706  -0.0988618    0.420896   0.0554999
22
   0.410257  -0.0766524   -0.908743 -0.00837352
   0.122128    0.992104  -0.0285484  -0.0300206
   0.903755  -0.0992708    0.416379   0.0557294
22.0417
   0.405864  -0.0767449   -0.910706 -0.00894007
   0.122499    0.992045  -0.0290065  -0.0301954
   0.905687  -0.0997879    0.412036   0.0560257
22.0833
   0.40049 -0.0761046  -0.913135 -0.0096015
   0.12431   0.991844 -0.0281437 -0.0326574
   0.90783  -0.102241   0.406684    0.05898
22.125
  0.396052 -0.0762421  -0.915057 -0.0104193
  0.124952   0.991752  -0.028551 -0.0330147
  0.909687   -0.10303   0.402312  0.0595351
22.1667
   0.39119  -0.076406  -0.917133 -0.0110523
  0.125634   0.991652 -0.0290269 -0.0333706
  0.911695  -0.103868   0.397523  0.0600887
22.2083
  0.386264 -0.0764919  -0.919211 -0.0118698
  0.126264   0.991559 -0.0294547 -0.0338008
  0.913705  -0.104686   0.392662  0.0607116
22.25
  0.381053 -0.0765909  -0.921375 -0.0128758
  0.126861   0.991468 -0.0299518 -0.0342044
  0.915808  -0.105473   0.387518  0.0614851
22.2917
   0.37556 -0.0767719  -0.923613 -0.0136776
  0.127476    0.99137 -0.0305698 -0.0345979
  0.917989  -0.106257   0.382106  0.0620821
22.3333
  0.369973 -0.0769579  -0.925849  -0.014771
  0.128108   0.991269 -0.0312033 -0.0349667
  0.920167  -0.107064   0.376602  0.0628342
22.375
  0.364235 -0.0771577  -0.928105 -0.0155614
  0.128854   0.991153 -0.0318302 -0.0353359
   0.92235  -0.107997   0.370955  0.0633467
22.4167
  0.358277  -0.077333  -0.930407 -0.0167101
  0.129694   0.991024 -0.0324294 -0.0358039
  0.924563  -0.109049    0.36509  0.0642134
22.4583
  0.352159 -0.0772393  -0.932748 -0.0185403
  0.130843   0.990865 -0.0326523 -0.0372074
  0.926749  -0.110544   0.359048  0.0664906
22.5
  0.346297 -0.0773541   -0.93493 -0.0194325
  0.131531   0.990754 -0.0332537 -0.0376211
  0.928858  -0.111457   0.353269  0.0670237
22.5417
  0.340558 -0.0774593  -0.937027 -0.0198006
  0.131923   0.990678 -0.0339476 -0.0376978
  0.930922  -0.112055   0.347602  0.0670897
22.5833
  0.335111 -0.0775482  -0.938982 -0.0201426
  0.132291   0.990607 -0.0345989 -0.0377423
  0.932845  -0.112624   0.342222  0.0672617
22.625
  0.329792 -0.0776997  -0.940851 -0.0199137
  0.132458   0.990557 -0.0353748 -0.0375202
  0.934715  -0.112957    0.33697  0.0671605
22.6667
  0.324584 -0.0778201   -0.94265 -0.0200172
  0.132825   0.990484 -0.0360333 -0.0375799
  0.936484  -0.113512   0.331831   0.067379
22.7083
   0.31951 -0.0779185  -0.944374 -0.0202085
   0.13315   0.990417 -0.0366687 -0.0376359
  0.938181  -0.114028   0.326823  0.0675846
22.75
  0.314608  -0.078018   -0.94601 -0.0200517
  0.133362   0.990364 -0.0373244 -0.0375164
  0.939806   -0.11442   0.321982  0.0674962
22.7917
  0.309825 -0.0780996  -0.947581 -0.0201462
  0.133644   0.990303 -0.0379238 -0.0374901
  0.941354  -0.114889   0.317258  0.0675119
22.8333
  0.305089 -0.0781954  -0.949108 -0.0204448
  0.134004   0.990232 -0.0385081 -0.0375502
  0.942849  -0.115436   0.312588   0.067805
22.875
  0.300503 -0.0789034  -0.950511 -0.0185062
  0.132628   0.990347 -0.0402801 -0.0350634
  0.944515   -0.11396   0.308067  0.0667111
22.9167
  0.295937 -0.0789693  -0.951938 -0.0187744
  0.132935   0.990284 -0.0408236 -0.0351362
  0.945912  -0.114465   0.303559  0.0667616
22.9583
  0.291474 -0.0789693  -0.953314 -0.0189666
  0.133122   0.990238 -0.0413262 -0.0351577
  0.947271  -0.114862   0.299141  0.0669128
23
  0.287334 -0.0790263  -0.954565 -0.0192245
  0.133243   0.990199  -0.041869 -0.0351141
  0.948518  -0.115158   0.295047  0.0669206
23.0417
  0.283399  -0.079039   -0.95574 -0.0193099
  0.133388   0.990159  -0.042333  -0.035144
   0.94968  -0.115487   0.291153  0.0668368
23.0833
  0.279587  -0.079083  -0.956858  -0.019485
   0.13346   0.990128 -0.0428367 -0.0350683
  0.950799  -0.115726   0.287382  0.0669178
23.125
  0.275915 -0.0791051  -0.957921 -0.0197886
  0.133638   0.990085 -0.0432689 -0.0351995
  0.951847  -0.116076   0.283751  0.0670683
23.1667
  0.272407 -0.0791196  -0.958924 -0.0197864
  0.133572   0.990073 -0.0437452 -0.0350929
  0.952866  -0.116168   0.280271  0.0670098
23.2083
   0.26914 -0.0791202  -0.959846  -0.019735
  0.133513   0.990062 -0.0441741 -0.0350119
  0.953802  -0.116263   0.277029  0.0668594
23.25
  0.266242 -0.0790667  -0.960658 -0.0198154
  0.133447   0.990056 -0.0445022 -0.0349462
  0.954624  -0.116349   0.274145  0.0667371
23.2917
  0.263756 -0.0790266  -0.961347 -0.0196651
  0.133269   0.990066 -0.0448237 -0.0347273
  0.955339  -0.116295   0.271668  0.0663177
23.3333
  0.261556 -0.0790131  -0.961949 -0.0197264
  0.133272   0.990054 -0.0450847 -0.0346835
  0.955943  -0.116409   0.269485  0.0662715
23.375
  0.259481  -0.079009  -0.962511 -0.0197188
  0.133369    0.99003 -0.0453133 -0.0346921
  0.956495  -0.116611   0.267431  0.0662855
23.4167
  0.257546 -0.0790617  -0.963026 -0.0197631
  0.133508   0.989999 -0.0455715 -0.0346243
  0.956998  -0.116835   0.265526   0.066096
23.4583
  0.255487 -0.0790645  -0.963574 -0.0198531
  0.133674   0.989967 -0.0457873 -0.0346719
  0.957527  -0.117106   0.263492  0.0662183
23.5
  0.253475 -0.0790378  -0.964108 -0.0199618
  0.133694   0.989954  -0.046007 -0.0346597
  0.958059  -0.117234   0.261496  0.0662423
23.5417
  0.251796 -0.0797953  -0.964485 -0.0195367
  0.134053   0.989864  -0.046898 -0.0343006
  0.958451  -0.117484    0.25994  0.0660944
23.5833
   0.25017 -0.0797492  -0.964912 -0.0193741
  0.133887   0.989877 -0.0471001  -0.034188
    0.9589  -0.117406   0.258315  0.0658032
23.625
  0.248927 -0.0797308  -0.965235 -0.0193263
  0.133819   0.989879 -0.0472557 -0.0340772
  0.959233  -0.117403   0.257077  0.0655187
23.6667
  0.247841 -0.0796978  -0.965517 -0.0192042
  0.133794   0.989877 -0.0473646 -0.0339854
  0.959518  -0.117442   0.255995  0.0655045
23.7083
  0.246862 -0.0797042  -0.965767 -0.0194552
  0.133962    0.98985 -0.0474492 -0.0340796
  0.959746  -0.117663   0.255034  0.0656183
23.75
  0.245696 -0.0797352  -0.966062 -0.0195702
  0.134106   0.989824 -0.0475896 -0.0341767
  0.960025  -0.117862   0.253889  0.0657411
23.7917
  0.244311 -0.0797428  -0.966413 -0.0198015
  0.134343   0.989786 -0.0477092 -0.0343525
  0.960346  -0.118175   0.252528  0.0660239
23.8333
  0.242603 -0.0797414  -0.966843 -0.0200952
  0.134592   0.989745 -0.0478582 -0.0345332
  0.960744  -0.118518   0.250848  0.0664079
23.875
  0.240587 -0.0797666  -0.967344 -0.0208203
  0.135009    0.98968 -0.0480305 -0.0348932
  0.961192  -0.119044   0.248873  0.0669679
23.9167
  0.238272 -0.0797625  -0.967918 -0.0212429
  0.135277   0.989632 -0.0482509 -0.0351174
  0.961731   -0.11944   0.246591  0.0674304
23.9583
  0.235885 -0.0797835    -0.9685 -0.0212708
  0.135379   0.989604 -0.0485497 -0.0351493
  0.962305  -0.119662   0.244233  0.0673314
24
  0.233561  -0.079753  -0.969066 -0.0213833
  0.135324   0.989598 -0.0488274 -0.0350849
  0.962879  -0.119734   0.241924  0.0674394
24.0417
  0.231539 -0.0796876  -0.969556  -0.021463
  0.135273   0.989594 -0.0490301 -0.0350732
  0.963375  -0.119803   0.239909  0.0672248
24.0833
  0.229789 -0.0796849  -0.969973 -0.0212376
  0.135184   0.989595 -0.0492713 -0.0349247
  0.963806  -0.119803    0.23817   0.066917
24.125
  0.228189 -0.0796994  -0.970349 -0.0212668
  0.135272   0.989573 -0.0494674 -0.0348453
  0.964174  -0.119974   0.236591  0.0668487
24.1667
  0.226644 -0.0797411  -0.970708 -0.0215739
  0.135574   0.989523 -0.0496326 -0.0349413
  0.964496  -0.120353    0.23508  0.0670574
24.2083
  0.224942 -0.0797613  -0.971102 -0.0217948
  0.135824    0.98948  -0.049809 -0.0350918
  0.964859  -0.120695    0.23341  0.0672675
24.2917
  0.220652 -0.0797437  -0.972087 -0.0228751
  0.136457   0.989374 -0.0501878 -0.0356211
   0.96576  -0.121574   0.229189  0.0682128
24.3333
  0.218233 -0.0797392  -0.972634 -0.0232892
  0.136695   0.989328 -0.0504372 -0.0357939
  0.966276  -0.121947   0.226804  0.0685197
24.375
  0.215804 -0.0797418  -0.973175 -0.0233784
  0.136753   0.989305 -0.0507381 -0.0357837
  0.966813  -0.122135   0.224401  0.0685865
24.4167
  0.213534 -0.0797127  -0.973678 -0.0234303
  0.136757   0.989291 -0.0509991 -0.0357846
  0.967316  -0.122267   0.222149  0.0684052
24.4583
  0.211415 -0.0796743  -0.974144 -0.0237214
  0.136801   0.989273 -0.0512223 -0.0358403
  0.967775  -0.122435   0.220046  0.0685018
24.5
  0.209342 -0.0797148  -0.974588 -0.0238101
  0.136918   0.989243 -0.0515034 -0.0358187
  0.968209  -0.122656   0.218005  0.0685112
24.5417
  0.207235 -0.0797454  -0.975035 -0.0241527
  0.137196   0.989191 -0.0517433 -0.0359983
  0.968623  -0.123048   0.215936   0.068682
24.5833
  0.204752  -0.079778  -0.975557 -0.0247682
  0.137691    0.98911 -0.0519874 -0.0363412
  0.969081  -0.123681   0.213507  0.0694025
24.625
  0.201891 -0.0798238   -0.97615 -0.0256839
  0.138254   0.989016 -0.0522818 -0.0367636
  0.969601  -0.124401    0.21071  0.0703491
24.6667
  0.198941 -0.0799564  -0.976744 -0.0242022
  0.138221   0.988993 -0.0528064  -0.036453
  0.970215  -0.124502   0.207803  0.0683972
24.7083
   0.19558 -0.0799883   -0.97742    -0.0246
  0.138475   0.988935  -0.053222  -0.036651
  0.970862  -0.124939   0.204492  0.0686857
24.75
  0.192105 -0.0800294  -0.978106 -0.0249968
  0.138754   0.988872 -0.0536583  -0.036759
  0.971516  -0.125408   0.201071  0.0689348
24.7917
  0.188452 -0.0801229  -0.978809 -0.0256332
