12.7917
   0.961636  -0.0233128   -0.273335  0.00978289
  0.0262656    0.999629  0.00714816 -0.00991395
   0.273067  -0.0140533    0.961892   0.0118889
12.8333
    0.96073  -0.0235994   -0.276481  0.00968901
  0.0266013    0.999621  0.00711173 -0.00989673
   0.276208  -0.0141872    0.960993   0.0119536
12.875
  0.959893 -0.0238934  -0.279347 0.00945008
 0.0269659   0.999611 0.00716043 -0.0100109
  0.279068 -0.0144061   0.960163  0.0120679
12.9167
   0.959478  -0.0237181   -0.280783   0.0088885
  0.0261318    0.999647  0.00485479 -0.00834195
   0.280569  -0.0119954    0.959759   0.0135324
12.9583
   0.958585  -0.0239516   -0.283798  0.00892551
  0.0264244    0.999639  0.00488737 -0.00841872
   0.283578  -0.0121841    0.958872   0.0137092
13
   0.957661  -0.0241669   -0.286881  0.00896216
  0.0266911    0.999632  0.00489054 -0.00848711
   0.286657  -0.0123406    0.957954    0.013913
13.0417
   0.956706  -0.0243586   -0.290034   0.0090416
  0.0269576    0.999624  0.00496855 -0.00863703
   0.289804   -0.012572    0.957004   0.0141545
13.0833
   0.955753  -0.0245553   -0.293144  0.00903249
  0.0272132    0.999617  0.00499139 -0.00872888
   0.292909  -0.0127479    0.956055   0.0143765
13.125
   0.954815  -0.0246992   -0.296174  0.00892874
  0.0274072    0.999612  0.00499421 -0.00877485
   0.295936  -0.0128858    0.955121   0.0144909
13.1667
   0.953841   -0.024884   -0.299281  0.00896696
  0.0276587    0.999605  0.00503814 -0.00890451
   0.299037  -0.0130833    0.954152   0.0147065
13.2083
   0.952866  -0.0250607   -0.302356  0.00893094
  0.0278931    0.999598  0.00505284 -0.00896418
   0.302108  -0.0132483    0.953182   0.0148922
13.25
  0.951853 -0.0252932  -0.305508 0.00902127
 0.0281919    0.99959 0.00507936 -0.0090689
  0.305254 -0.0134477   0.952176  0.0150944
13.2917
   0.950834  -0.0255755   -0.308644  0.00904301
  0.0285419     0.99958  0.00509934 -0.00918652
   0.308384  -0.0136579    0.951164   0.0152988
13.3333
    0.94979  -0.0258565   -0.311819  0.00904928
  0.0289087    0.999569  0.00516893 -0.00932518
    0.31155  -0.0139237    0.950128   0.0155076
13.375
   0.948675  -0.0261199   -0.315174   0.0091818
  0.0292429    0.999559  0.00518323 -0.00937934
   0.314899  -0.0141338     0.94902   0.0157677
13.4167
   0.947607  -0.0263549    -0.31835  0.00905325
  0.0295631    0.999549  0.00524967 -0.00953389
   0.318068   -0.014386    0.947959   0.0159442
13.4583
   0.946579  -0.0266207   -0.321373  0.00890772
  0.0298945    0.999539  0.00525588 -0.00957853
   0.321085  -0.0145824    0.946938   0.0161328
13.5
   0.945622  -0.0269138   -0.324154  0.00870271
   0.030262    0.999528  0.00529158 -0.00968017
   0.323858  -0.0148134     0.94599   0.0162316
13.5417
   0.944708  -0.0272292    -0.32678  0.00858835
  0.0306499    0.999516  0.00532222 -0.00977587
   0.326477  -0.0150437    0.945086   0.0163129
13.5833
   0.943799  -0.0275352   -0.329371  0.00857708
  0.0310175    0.999505  0.00532161 -0.00977889
   0.329061  -0.0152388    0.944186   0.0163987
13.625
   0.942828  -0.0278952   -0.332111  0.00871071
  0.0314437    0.999491  0.00531427 -0.00978332
   0.331793  -0.0154532    0.943225   0.0164896
13.6667
   0.942395  -0.0289606   -0.333245  0.00706274
  0.0323135    0.999468  0.00452192 -0.00959013
   0.332936  -0.0150297    0.942829   0.0176986
13.7083
   0.941306  -0.0292873   -0.336282  0.00709087
  0.0327437    0.999453  0.00461093 -0.00974169
   0.335963  -0.0153514     0.94175   0.0179974
13.75
   0.940157  -0.0294638   -0.339466  0.00711473
   0.032989    0.999445  0.00461708 -0.00981919
   0.339142  -0.0155394    0.940607   0.0182005
13.7917
  0.938943 -0.0296287  -0.342795 0.00711794
 0.0332281   0.999437 0.00463029 -0.0099659
  0.342464  -0.015738   0.939399  0.0185273
13.8333
  0.937652 -0.0298752  -0.346289  0.0071241
 0.0335639   0.999426 0.00465837 -0.0101437
  0.345951 -0.0159907   0.938116  0.0188219
13.875
  0.936326  -0.030129  -0.349837 0.00709003
 0.0338978   0.999414 0.00465344 -0.0102572
  0.349492 -0.0162158   0.936799  0.0190791
13.9167
  0.934948   -0.03045  -0.353474 0.00708392
 0.0343349   0.999399 0.00472339 -0.0104454
  0.353118 -0.0165526   0.935432  0.0194014
13.9583
  0.933581 -0.0307335  -0.357045 0.00702218
 0.0347016   0.999387 0.00471125 -0.0104797
  0.356682 -0.0167884   0.934075  0.0196083
14
  0.932185 -0.0310501  -0.360647 0.00698348
 0.0351165   0.999372 0.00472627 -0.0106118
  0.360274 -0.0170705    0.93269  0.0198472
14.0417
  0.930786 -0.0313784  -0.364215  0.0069355
 0.0355343   0.999357 0.00471323 -0.0106963
  0.363833 -0.0173291   0.931303  0.0200742
14.0833
  0.929379 -0.0317355  -0.367761 0.00687627
 0.0359889   0.999341 0.00471144 -0.0107788
  0.367369  -0.017614   0.929908   0.020336
14.125
  0.927966 -0.0320441  -0.371284 0.00685729
 0.0363885   0.999327 0.00469923 -0.0108995
  0.370884 -0.0178712   0.928507  0.0206338
14.1667
  0.926538 -0.0322506  -0.374815 0.00680828
 0.0366976   0.999315 0.00473087 -0.0110784
  0.374406 -0.0181382   0.927087  0.0208996
14.25
  0.923666 -0.0326049  -0.381808 0.00663874
 0.0372065   0.999297 0.00467358 -0.0113061
  0.381387 -0.0185226    0.92423  0.0214359
14.2917
  0.922215 -0.0328136  -0.385283 0.00657697
 0.0374886   0.999286 0.00462608 -0.0113866
  0.384856   -0.01871   0.922787  0.0216264
14.3333
  0.921043 -0.0344523  -0.387934 0.00538938
 0.0395543   0.999204 0.00517171 -0.0132264
  0.387447 -0.0201078   0.921673  0.0230398
14.375
  0.919599 -0.0347735  -0.391318  0.0052709
 0.0399576   0.999188  0.0051102  -0.013325
  0.390822 -0.0203354   0.920242  0.0232468
14.4167
  0.918129  -0.035075  -0.394727 0.00522435
 0.0403405   0.999173 0.00504594 -0.0134857
  0.394224 -0.0205563   0.918785  0.0235894
14.4583
  0.916621 -0.0352853  -0.398196 0.00519322
 0.0406273   0.999162 0.00498284 -0.0136202
  0.397687  -0.020745   0.917287  0.0239655
14.5
  0.915013 -0.0354968   -0.40186 0.00524603
  0.040936   0.999149 0.00495297 -0.0138464
  0.401342 -0.0209826   0.915688  0.0244372
14.5417
  0.913319 -0.0357145  -0.405676 0.00521234
  0.041268   0.999136 0.00494778 -0.0140948
  0.405149 -0.0212603   0.914003  0.0248493
14.5833
  0.911523  -0.035948  -0.409676 0.00518989
  0.041588   0.999123 0.00486231 -0.0142517
  0.409142 -0.0214697   0.912218  0.0252687
14.625
  0.909597 -0.0362353  -0.413909 0.00518363
 0.0420018   0.999106  0.0048363 -0.0144838
  0.413364  -0.021784   0.910305  0.0257484
14.6667
  0.907603 -0.0366038  -0.418232 0.00506086
 0.0425105   0.999084 0.00481164 -0.0147432
  0.417672 -0.0221463   0.908328   0.026187
14.7083
  0.905584 -0.0370237  -0.422547 0.00494556
 0.0430442   0.999062 0.00471239 -0.0148742
  0.421976 -0.0224557   0.906329   0.026499
14.75
  0.903591 -0.0374611  -0.426754 0.00477638
 0.0435984   0.999038 0.00461628 -0.0149592
  0.426171  -0.022777   0.904356  0.0267349
14.7917
  0.901637 -0.0379481  -0.430825 0.00466167
 0.0442091   0.999012 0.00452619 -0.0149924
  0.430227 -0.0231274   0.902424  0.0269598
14.8333
  0.899748 -0.0384596  -0.434712 0.00453918
 0.0448398   0.998984 0.00442606  -0.015002
    0.4341 -0.0234748   0.900559  0.0271703
14.875
  0.897945 -0.0388842  -0.438388 0.00439189
 0.0453991   0.998959 0.00438455 -0.0150731
  0.437761 -0.0238395   0.898775  0.0274124
14.9167
  0.896283 -0.0399439   -0.44168 0.00401331
 0.0471253   0.998875 0.00529484 -0.0172457
  0.440971   -0.02556   0.897157  0.0287306
14.9583
  0.894855 -0.0400116   -0.44456 0.00371411
 0.0473345   0.998865 0.00537909 -0.0172881
   0.44384 -0.0258565   0.895733  0.0281318
15
   0.89356 -0.0402915  -0.447131  0.0033495
  0.047766   0.998844 0.00544998 -0.0173308
  0.446395 -0.0262276   0.894452  0.0282297
15.0417
  0.892419 -0.0405534  -0.449382 0.00316738
 0.0480916   0.998829 0.00536718  -0.017072
  0.448638 -0.0264013   0.893324  0.0279956
15.0833
  0.891444 -0.0409956  -0.451273 0.00292556
 0.0486756     0.9988 0.00541831 -0.0170024
   0.45051 -0.0267961   0.892369  0.0279812
15.125
  0.890534 -0.0415456  -0.453015 0.00275746
 0.0494617    0.99876 0.00563625 -0.0171723
  0.452219 -0.0274262   0.891485  0.0281217
15.1667
  0.889602 -0.0420506  -0.454796 0.00272998
   0.05019   0.998723 0.00583166 -0.0171727
   0.45397 -0.0280141   0.890576  0.0283199
15.2083
  0.888582 -0.0427526  -0.456721 0.00270042
 0.0512566   0.998666 0.00624044 -0.0175539
  0.455845 -0.0289551   0.889588  0.0286798
15.25
  0.887504 -0.0433667  -0.458755 0.00265907
 0.0521903   0.998616 0.00656664 -0.0176502
  0.457835 -0.0297705   0.888539  0.0288606
15.2917
  0.886358 -0.0439463   -0.46091 0.00266067
 0.0531603   0.998561 0.00702079 -0.0178707
  0.459938  -0.030725   0.887419  0.0292751
15.3333
  0.885083 -0.0445187  -0.463299 0.00272177
  0.054113   0.998507 0.00742993 -0.0180916
  0.462277 -0.0316466   0.886171  0.0297717
15.375
  0.883636 -0.0450923  -0.465997 0.00279462
   0.05508   0.998451 0.00782883 -0.0184476
  0.464923  -0.032585   0.884751  0.0304627
15.4167
  0.881983  -0.045503   -0.46908  0.0029311
 0.0557851    0.99841 0.00803889 -0.0186141
  0.467969 -0.0332579   0.883119  0.0311147
15.4583
  0.880333 -0.0457021   -0.47215 0.00292734
 0.0561546    0.99839 0.00806163  -0.018694
  0.471021 -0.0336103   0.881481  0.0315459
15.5
  0.878745 -0.0456262  -0.475105 0.00285175
 0.0561629    0.99839 0.00799857 -0.0187757
  0.473975  -0.033712   0.879893  0.0318845
15.5417
  0.877362 -0.0453725  -0.477678 0.00258398
 0.0559187   0.998404 0.00787318 -0.0187327
  0.476559 -0.0336188     0.8785  0.0318565
15.5833
  0.876184 -0.0450986  -0.479863 0.00239256
 0.0556169   0.998422 0.00771718 -0.0184964
  0.478757 -0.0334501    0.87731  0.0315305
15.625
  0.875305 -0.0449565  -0.481476 0.00203323
 0.0554962   0.998429 0.00766445 -0.0183509
  0.480375 -0.0334288   0.876426  0.0311604
15.6667
  0.874572  -0.044904  -0.482812 0.00189586
 0.0555441   0.998426  0.0077547 -0.0182866
  0.481704 -0.0335994    0.87569  0.0309301
15.7083
  0.874016 -0.0449067  -0.483818 0.00175368
 0.0556529   0.998419 0.00786623 -0.0181914
    0.4827 -0.0338011   0.875133  0.0309312
15.75
  0.873482 -0.0450091  -0.484772  0.0016477
 0.0558609   0.998407  0.0079544 -0.0181856
  0.483641 -0.0340278   0.874605  0.0309987
15.7917
  0.872937 -0.0451563  -0.485739  0.0016678
 0.0561038   0.998393 0.00801123 -0.0181694
  0.484597 -0.0342451   0.874067  0.0310633
15.8333
  0.872249 -0.0454974  -0.486941 0.00171073
 0.0566239   0.998362 0.00814739 -0.0184259
  0.485772  -0.034679   0.873397   0.031402
15.875
  0.871336 -0.0458564   -0.48854 0.00190081
 0.0571752    0.99833 0.00826758 -0.0186028
  0.487345 -0.0351362   0.872502  0.0318097
15.9167
  0.870214 -0.0463303  -0.490491 0.00198499
  0.057946   0.998283 0.00851113  -0.019212
  0.489255 -0.0358285   0.871405   0.032438
15.9583
  0.868914 -0.0463964  -0.492784 0.00230666
  0.058097   0.998275 0.00845183 -0.0189316
  0.491542 -0.0359731   0.870111  0.0321134
16
  0.867313 -0.0465101  -0.495586  0.0025186
 0.0584652   0.998252 0.00863365 -0.0193503
  0.494318 -0.0364626   0.868516  0.0328352
16.0417
  0.865811 -0.0464221  -0.498213 0.00227247
 0.0585044    0.99825 0.00865686 -0.0195334
  0.496939 -0.0366429   0.867012  0.0333344
16.0833
  0.864238 -0.0463458  -0.500944 0.00221982
 0.0585256   0.998249 0.00861471 -0.0197511
  0.499667 -0.0367632   0.865437  0.0339339
16.125
  0.862661  -0.046313  -0.503658 0.00213639
  0.058575   0.998247 0.00853473 -0.0200377
  0.502379 -0.0368643   0.863861  0.0347094
16.1667
  0.860973 -0.0463528  -0.506534 0.00206017
 0.0587151   0.998239 0.00845141 -0.0204367
   0.50525 -0.0370176   0.862178   0.035446
16.2083
  0.859385  -0.046294  -0.509229 0.00189677
 0.0587813   0.998235 0.00845089 -0.0206359
  0.507939 -0.0371957   0.860589  0.0357897
16.25
  0.857762 -0.0464261  -0.511946 0.00173506
 0.0591459   0.998213 0.00857505 -0.0210202
  0.510633 -0.0376349   0.858975  0.0364832
16.2917
  0.856146 -0.0466194  -0.514627 0.00159034
 0.0594822   0.998193 0.00853102 -0.0210958
  0.513299  -0.037915   0.857372  0.0368865
16.3333
  0.854564 -0.0469313  -0.517221 0.00145006
 0.0599565   0.998165 0.00849058 -0.0212499
  0.515874 -0.0382665    0.85581  0.0371207
16.375
  0.853031 -0.0472578  -0.519715 0.00128132
 0.0603852    0.99814 0.00835188 -0.0212316
  0.518354 -0.0385075   0.854299  0.0371567
16.4167
  0.851463  -0.047679  -0.522242 0.00125432
 0.0609073    0.99811 0.00817906 -0.0212201
  0.520865 -0.0387725   0.852758  0.0370326
16.4583
   0.84996  -0.048224  -0.524636 0.00101215
  0.061695   0.998061 0.00821103 -0.0213477
  0.523223 -0.0393465   0.851287  0.0365064
16.5
  0.848321 -0.0488534  -0.527224 0.00108289
 0.0626056   0.998004  0.0082579  -0.021342
  0.525768 -0.0400125   0.849686  0.0365864
16.5417
   0.846688  -0.0495248   -0.529779 0.000958199
  0.0634824     0.99795  0.00816671  -0.0212752
   0.528288  -0.0405463    0.848096   0.0366068
16.5833
   0.845019  -0.0502907   -0.532366 0.000870268
  0.0644733    0.997887  0.00807093  -0.0213589
   0.530835  -0.0411435    0.846476   0.0370125
16.625
   0.843299  -0.0509939   -0.535019 0.000731215
   0.065292    0.997836   0.0078075  -0.0213738
   0.533463  -0.0415165    0.844804   0.0375729
16.6667
  0.841569   -0.05162  -0.537678  0.0005399
  0.066138   0.997781 0.00772636 -0.0217562
  0.536086 -0.0420632   0.843115  0.0383357
16.7083
   0.839818  -0.0519423   -0.540377 0.000432073
   0.066741     0.99774  0.00781946   -0.022158
   0.538749  -0.0426322    0.841387   0.0391298
16.75
   0.838008  -0.0519714   -0.543178 0.000309923
  0.0669412    0.997726  0.00781319  -0.0222951
   0.541537  -0.0429085    0.839581   0.0397978
16.7917
   0.836193  -0.0520868   -0.545956 0.000144843
  0.0672624    0.997705  0.00783419  -0.0229499
   0.544294  -0.0432732    0.837778   0.0409377
16.8333
    0.834918    -0.051717    -0.547939 -0.000567929
   0.0664878     0.997762   0.00713694   -0.0217939
    0.546343     -0.04239     0.836488    0.0390541
16.875
     0.83312   -0.0518962    -0.550652 -0.000667251
   0.0667997     0.997742   0.00703379   -0.0219131
    0.549043   -0.0426433     0.834705    0.0392297
16.9167
    0.831257   -0.0522657    -0.553426 -0.000748327
   0.0673626     0.997704   0.00695653   -0.0220246
    0.551792   -0.0430629     0.832869    0.0394683
16.9583
    0.829449   -0.0527975    -0.556081 -0.000992383
   0.0681207     0.997653   0.00688585   -0.0221423
    0.554413   -0.0435921       0.8311    0.0397109
17
   0.827631  -0.0533738    -0.55873 -0.00119873
  0.0689801    0.997594  0.00688109  -0.0223199
   0.557018  -0.0442362    0.829321    0.039943
17.0417
  0.825764 -0.0539081  -0.561434 -0.0013305
 0.0697864   0.997538 0.00686044 -0.0224535
  0.559682 -0.0448456   0.827493   0.040376
17.0833
   0.823807  -0.0542985   -0.564264 -0.00140206
  0.0703914    0.997496  0.00678117  -0.0225989
   0.562483  -0.0453057    0.825567   0.0410764
17.125
   0.821816  -0.0545572   -0.567134 -0.00154215
  0.0708016    0.997468   0.0066419  -0.0228216
   0.565336  -0.0456125    0.823599   0.0415395
17.1667
   0.819647  -0.0546667   -0.570255 -0.00164839
  0.0711325    0.997445  0.00662257  -0.0233266
   0.568435  -0.0459918    0.821441   0.0424189
17.2083
  0.817112 -0.0546297  -0.573885 -0.0016169
 0.0712905   0.997434 0.00655667 -0.0237573
  0.572055 -0.0462701   0.818909  0.0432112
17.25
   0.814463  -0.0544048    -0.57766 -0.00186502
  0.0711169    0.997448  0.00632915  -0.0238876
   0.575841  -0.0462362    0.816253   0.0435484
17.2917
   0.811794   -0.054314   -0.581413 -0.00213558
  0.0711541    0.997446  0.00616971  -0.0241276
   0.579593  -0.0463785    0.813585   0.0438736
17.3333
   0.809071  -0.0543609   -0.585192 -0.00224112
  0.0713044    0.997437  0.00592763  -0.0241232
    0.58337  -0.0465227    0.810873   0.0439114
17.375
   0.806487  -0.0545291   -0.588732 -0.00259951
  0.0715747    0.997419  0.00566586  -0.0240563
   0.586903  -0.0467077    0.808309   0.0439835
17.4167
   0.804173   -0.054983   -0.591846 -0.00321499
  0.0720759    0.997385  0.00527547   -0.024029
   0.590009  -0.0469002    0.806034   0.0446166
17.4583
   0.802033  -0.0551354   -0.594729 -0.00342027
  0.0720818    0.997387  0.00474277  -0.0230937
   0.592914   -0.046673    0.803912   0.0429294
17.5
   0.79949 -0.0557484  -0.598086 -0.0036262
 0.0730024   0.997321 0.00462412 -0.0233054
  0.596226 -0.0473587   0.801418  0.0433788
17.5417
   0.796848  -0.0564615   -0.601536 -0.00388505
  0.0740066    0.997248   0.0044318  -0.0234684
    0.59963  -0.0480491    0.798834   0.0439825
17.5833
  0.793953 -0.0573723  -0.605267 -0.0041592
  0.075339   0.997149   0.004307 -0.0239187
  0.603294 -0.0490197   0.796011  0.0448002
17.6667
   0.787542  -0.0588547   -0.613444 -0.00486141
  0.0775503    0.996981  0.00390759  -0.0244902
   0.611362  -0.0506502    0.789728   0.0463908
17.7083
   0.784097    -0.05928     -0.6178 -0.00524445
  0.0782434    0.996928  0.00364609  -0.0247138
   0.615686  -0.0511977    0.786326   0.0472429
17.75
   0.780968  -0.0591779   -0.621762 -0.00566144
  0.0781273    0.996938  0.00324586  -0.0244428
   0.619666  -0.0511115      0.7832   0.0472525
17.7917
   0.778429  -0.0588494   -0.624968 -0.00614078
  0.0776636    0.996976  0.00285488   -0.024069
    0.62291  -0.0507596    0.780645    0.047183
17.8333
   0.776407  -0.0585099    -0.62751 -0.00632072
  0.0771844    0.997014  0.00253593  -0.0236227
   0.625488  -0.0504029    0.778604   0.0466891
17.9167
   0.772692  -0.0592336   -0.632011 -0.00658049
  0.0784036    0.996919  0.00242202  -0.0239201
    0.62992  -0.0514234    0.774956   0.0466168
17.9583
   0.770715  -0.0600549   -0.634344 -0.00656336
  0.0792338    0.996854  0.00189269  -0.0233559
   0.632235  -0.0517202    0.773049   0.0455172
18.25
    0.748529   -0.0623298    -0.660167  -0.00807729
   0.0829465     0.996554 -4.12317e-05   -0.0246613
    0.657894   -0.0547277     0.751119    0.0486796
18.375
   0.738714  -0.0644573   -0.670929 -0.00907814
  0.0862217    0.996276 -0.00078103  -0.0250332
   0.668481  -0.0572717    0.741521   0.0499076
18.4167
   0.735032  -0.0651552   -0.674895 -0.00926401
  0.0873563    0.996177 -0.00103195  -0.0253466
   0.672382  -0.0581978    0.737913   0.0506558
18.4583
   0.731112  -0.0655849   -0.679098 -0.00944511
  0.0880777    0.996113 -0.00137726  -0.0254699
   0.676549  -0.0588065    0.734046   0.0511658
18.5
   0.727408  -0.0657489   -0.683048 -0.00938861
  0.0877988    0.996135 -0.00238534  -0.0241312
   0.680565  -0.0582357    0.730369   0.0496691
18.5417
   0.723288  -0.0661006   -0.687376 -0.00975439
  0.0883373    0.996087 -0.00283493  -0.0242402
   0.684873  -0.0586705    0.726296   0.0500615
18.5833
   0.718981  -0.0666114    -0.69183  -0.0100656
  0.0890965    0.996018 -0.00330631  -0.0243257
   0.689295  -0.0592625    0.722053   0.0503168
18.75
   0.700817  -0.0695097   -0.709947  -0.0116301
  0.0931114     0.99564 -0.00556753  -0.0244344
   0.707238  -0.0622023    0.704233   0.0515485
18.7917
   0.696415  -0.0699355   -0.714224  -0.0120341
  0.0937451    0.995578 -0.00607759  -0.0244517
    0.71149  -0.0627225    0.699891   0.0518868
18.8333
   0.692029  -0.0705531   -0.718413  -0.0124682
  0.0943952    0.995511 -0.00683741  -0.0243769
   0.715671  -0.0630831    0.695583   0.0525631
18.875
   0.687515  -0.0710125   -0.722689  -0.0129203
  0.0950892    0.995442 -0.00735242  -0.0245488
   0.719917  -0.0636651    0.691134   0.0527586
18.9167
  0.682945 -0.0715574  -0.726956 -0.0134868
 0.0958688   0.995363  -0.007913 -0.0245706
  0.724151 -0.0642883   0.686638  0.0532017
18.9583
   0.678316  -0.0721461    -0.73122  -0.0138842
  0.0966973    0.995278 -0.00849817  -0.0246286
    0.72838  -0.0649426    0.682089   0.0534367
19
   0.673579  -0.0727163   -0.735529  -0.0138724
  0.0975046    0.995194 -0.00909504   -0.024576
   0.732655  -0.0655913    0.677432    0.053848
19.0417
   0.668878   -0.073162   -0.739763  -0.0142815
  0.0981381    0.995126 -0.00968277  -0.0245735
   0.736866  -0.0661224    0.672797   0.0542413
19.0833
  0.664188 -0.0734735  -0.743946 -0.0146281
 0.0985928   0.995075 -0.0102527 -0.0245592
  0.741035  -0.066538   0.668161  0.0545725
19.125
  0.659393 -0.0737885  -0.748169 -0.0151359
 0.0991219   0.995017 -0.0107737 -0.0247866
  0.745236 -0.0670558   0.663421  0.0551494
19.1667
  0.654538 -0.0740737  -0.752392 -0.0156046
 0.0995772   0.994965 -0.0113289 -0.0248768
  0.749443 -0.0675059   0.658618   0.055394
19.2083
  0.649712 -0.0744435  -0.756527  -0.016089
  0.100063   0.994909 -0.0119662 -0.0247931
  0.753566 -0.0679254   0.653853  0.0556888
19.25
  0.644953 -0.0746555  -0.760567 -0.0160585
  0.100376   0.994871  -0.012536 -0.0245159
  0.757601 -0.0682579   0.649139  0.0554377
19.2917
  0.640342  -0.075268  -0.764393 -0.0174457
  0.101481   0.994753 -0.0129392 -0.0253332
  0.761357 -0.0692858   0.644621  0.0577386
19.3333
  0.635915 -0.0754336  -0.768064 -0.0178885
  0.101763   0.994718 -0.0134401 -0.0254353
  0.765021 -0.0696134   0.640232  0.0580933
19.375
  0.631477 -0.0757264  -0.771688 -0.0183928
  0.102208   0.994665 -0.0139703 -0.0255044
  0.768629 -0.0700505   0.635848  0.0586518
19.4167
  0.626992 -0.0761805  -0.775292  -0.018723
   0.10285    0.99459 -0.0145525 -0.0255533
  0.772207 -0.0706144   0.631435  0.0589034
19.4583
  0.622528 -0.0767154  -0.778828 -0.0189477
  0.103636     0.9945 -0.0151217  -0.025572
  0.775705 -0.0713009   0.627055  0.0591488
19.5
   0.61812 -0.0772761  -0.782276 -0.0189155
  0.104429   0.994408 -0.0157161 -0.0255143
  0.779116 -0.0719778   0.622734   0.059325
19.5417
  0.613845 -0.0776495  -0.785598 -0.0191576
  0.105008   0.994339 -0.0162311 -0.0255385
  0.782411 -0.0725309   0.618524  0.0597461
19.5833
  0.609807 -0.0777751  -0.788724   -0.01928
  0.105228   0.994308 -0.0166897 -0.0254972
  0.785533 -0.0728184    0.61452  0.0599325
19.625
  0.606044 -0.0777939  -0.791618 -0.0195871
  0.105295   0.994294 -0.0171003 -0.0254733
  0.788431 -0.0729896   0.610777  0.0600524
19.6667
  0.602323 -0.0778855  -0.794444 -0.0195429
  0.105591   0.994257 -0.0174193 -0.0254661
  0.791238 -0.0733937   0.607088  0.0603452
19.7083
  0.598787 -0.0782647  -0.797075 -0.0198459
   0.10616   0.994189 -0.0178688 -0.0254927
  0.793841 -0.0739178   0.603616  0.0608109
19.75
  0.595492 -0.0786213  -0.799505 -0.0200446
   0.10669   0.994124 -0.0182942 -0.0254707
  0.796245  -0.074405   0.600381  0.0607952
19.7917
  0.592442   -0.07888  -0.801742 -0.0203308
  0.107105   0.994073 -0.0186577 -0.0254796
  0.798461 -0.0748173   0.597379  0.0610223
19.8333
  0.589603  -0.078954  -0.803825 -0.0205606
  0.107273   0.994049 -0.0189539 -0.0254266
  0.800538 -0.0750534   0.594564  0.0612552
19.875
  0.586976 -0.0790357  -0.805737  -0.020804
   0.10743   0.994026 -0.0192429 -0.0254559
  0.802445 -0.0752652   0.591961  0.0614786
19.9167
  0.584479 -0.0791971  -0.807535 -0.0210506
  0.107699   0.993992 -0.0195327 -0.0253988
   0.80423 -0.0755544   0.589496  0.0616186
19.9583
  0.581908 -0.0795458  -0.809355  -0.021369
  0.108263   0.993924 -0.0198475 -0.0255186
  0.806016 -0.0760735   0.586984  0.0619667
20
  0.579161 -0.0799511  -0.811283 -0.0217812
  0.108884   0.993849 -0.0202126 -0.0256103
  0.807909 -0.0766291   0.584304  0.0624511
20.0417
  0.576247 -0.0802194  -0.813329  -0.022115
  0.109325   0.993793 -0.0205613 -0.0257464
  0.809931 -0.0770692    0.58144   0.062882
20.0833
   0.57332 -0.0803047  -0.815386 -0.0225067
   0.10952   0.993766 -0.0208662 -0.0258354
  0.811978 -0.0773381   0.578541  0.0633279
20.125
  0.570758 -0.0800921  -0.817203 -0.0227145
  0.109148     0.9938 -0.0211675 -0.0256087
  0.813832 -0.0771149   0.575961  0.0632195
20.1667
  0.568633 -0.0800845  -0.818684 -0.0231641
  0.109183   0.993792 -0.0213785 -0.0257076
  0.815313 -0.0772299   0.573846  0.0636981
20.2083
  0.566367  -0.080325  -0.820229 -0.0238648
   0.10951   0.993749 -0.0217014 -0.0257951
  0.816845 -0.0775321   0.571623  0.0643583
20.25
  0.563795 -0.0806892  -0.821964 -0.0243283
  0.110008   0.993685 -0.0220909 -0.0259199
  0.818556 -0.0779677   0.569111  0.0648861
20.2917
  0.560872 -0.0807129  -0.823959 -0.0253432
  0.110359   0.993644 -0.0222127 -0.0263735
  0.820514 -0.0784731   0.566214  0.0659942
20.3333
  0.557794 -0.0809284  -0.826025 -0.0257989
  0.110698   0.993597 -0.0225942  -0.026555
  0.822564 -0.0788367   0.563181    0.06651
20.375
  0.554501 -0.0810311  -0.828229 -0.0263309
  0.110886   0.993568 -0.0229687 -0.0267146
  0.824762 -0.0791031   0.559919  0.0668677
20.4167
  0.550999 -0.0812126  -0.830544 -0.0267432
  0.111185   0.993524 -0.0233868 -0.0269051
  0.827066 -0.0794582   0.556461  0.0674578
20.4583
  0.547385 -0.0814202  -0.832911 -0.0271313
  0.111512   0.993477 -0.0238311 -0.0269685
  0.829418 -0.0798347   0.552894  0.0676032
20.5
  0.543592 -0.0817695  -0.835357 -0.0277008
  0.112083   0.993402 -0.0243042 -0.0271512
  0.831832 -0.0804175    0.54917  0.0683052
20.5417
  0.539647 -0.0820716  -0.837881 -0.0284088
  0.112594   0.993332 -0.0247807 -0.0272432
  0.834328 -0.0809677    0.54529  0.0688439
20.5833
  0.535543 -0.0822783   -0.84049 -0.0287152
  0.112918   0.993283 -0.0252867 -0.0273645
  0.836925 -0.0813642   0.541236  0.0693108
20.625
  0.531597 -0.0823201  -0.842987 -0.0296116
  0.113017    0.99326  -0.025725 -0.0273855
  0.839423 -0.0815963   0.537318  0.0696242
20.6667
  0.527454 -0.0824942  -0.845569 -0.0298751
  0.113342   0.993211  -0.026197 -0.0274938
  0.841989 -0.0820208   0.533223   0.070035
20.7083
  0.523587 -0.0825899   -0.84796 -0.0303848
  0.113637   0.993167 -0.0265657 -0.0275357
   0.84436 -0.0824503   0.529395  0.0698755
20.75
  0.519478 -0.0827163  -0.850471 -0.0295211
  0.113563   0.993158 -0.0272279 -0.0267131
  0.846904 -0.0824381   0.525317   0.069903
20.7917
  0.516149 -0.0828917  -0.852478  -0.030234
  0.113999   0.993099 -0.0275423 -0.0269703
  0.848879 -0.0829658   0.522036  0.0700202
20.8333
  0.513083 -0.0829416  -0.854322 -0.0304768
  0.114091   0.993079 -0.0278928 -0.0268189
  0.850723 -0.0831589   0.518995  0.0702028
20.875
   0.51036 -0.0830488  -0.855941 -0.0306805
  0.114246   0.993051 -0.0282319 -0.0268465
  0.852338 -0.0833798   0.516302   0.070364
20.9167
   0.50787 -0.0831493  -0.857411 -0.0309989
  0.114413   0.993024 -0.0285304 -0.0268779
  0.853802 -0.0836093    0.51384  0.0704769
20.9583
  0.505467 -0.0832652  -0.858819 -0.0308923
  0.114533      0.993 -0.0288645  -0.026769
   0.85521 -0.0837734   0.511466  0.0704817
21
  0.503239 -0.0834079  -0.860113 -0.0309785
  0.114677   0.992974 -0.0291959 -0.0267838
  0.856504  -0.083943   0.509268  0.0704598
21.0417
   0.50118 -0.0834853  -0.861306 -0.0308893
  0.114785   0.992954 -0.0294543 -0.0267838
  0.857696 -0.0841029   0.507232  0.0704261
21.0833
  0.499289  -0.083498  -0.862403 -0.0309114
  0.114906   0.992935 -0.0296115 -0.0268333
  0.858783 -0.0843102   0.505356  0.0703635
21.125
  0.497525  -0.083529  -0.863418 -0.0311429
  0.114977   0.992921 -0.0298044 -0.0267133
  0.859796 -0.0844448   0.503607  0.0705282
21.1667
  0.495818 -0.0836556  -0.864388 -0.0314769
  0.115242   0.992885 -0.0299881 -0.0268633
  0.860746 -0.0847452    0.50193  0.0707238
21.3333
  0.486931 -0.0841882  -0.869373 -0.0333493
  0.116203    0.99274 -0.0310502 -0.0273354
  0.865676 -0.0859044   0.493179   0.072451
21.375
  0.484236 -0.0843646   -0.87086 -0.0338262
   0.11647   0.992698 -0.0314052 -0.0273872
   0.86715 -0.0862217   0.490526  0.0728602
21.4167
   0.48133 -0.0845565  -0.872451 -0.0341324
  0.116767   0.992651 -0.0317858  -0.027486
  0.868727  -0.086574   0.487666  0.0731979
21.4583
  0.478205  -0.084774  -0.874147 -0.0346272
  0.117133   0.992595 -0.0321829 -0.0276522
  0.870402 -0.0870016   0.484594  0.0736123
21.5
  0.474608 -0.0845455  -0.876127  -0.033423
  0.116596   0.992643 -0.0326277 -0.0267196
   0.87244 -0.0866678   0.480974  0.0729396
21.5417
  0.471075 -0.0847497  -0.878012 -0.0340311
  0.116964   0.992586 -0.0330551 -0.0268264
  0.874304  -0.087124   0.477495  0.0734566
21.625
  0.463683 -0.0851633  -0.881899 -0.0353733
  0.117656   0.992473 -0.0339806 -0.0270352
  0.878155 -0.0880041   0.470212  0.0746117
21.6667
  0.459685 -0.0854384  -0.883962 -0.0362145
  0.118106   0.992401 -0.0345011 -0.0271703
  0.880193 -0.0885416   0.466283  0.0752753
21.7083
  0.455301 -0.0857132  -0.886202 -0.0369138
  0.118588   0.992325 -0.0350506 -0.0272935
  0.882404 -0.0891346   0.461971  0.0758895
21.75
  0.450597 -0.0859869  -0.888577 -0.0380056
  0.119084   0.992245 -0.0356314 -0.0274461
  0.884749 -0.0897597   0.457342  0.0768789
21.7917
  0.445667 -0.0862202  -0.891037  -0.038899
  0.119445   0.992178 -0.0362645 -0.0275681
  0.887195 -0.0902683   0.452479  0.0777389
21.8333
  0.440629 -0.0864419  -0.893518 -0.0400784
  0.119793   0.992113 -0.0369057 -0.0277359
  0.889661 -0.0907753   0.447508  0.0786556
21.875
  0.435613 -0.0866768  -0.895951 -0.0410621
  0.120132   0.992047 -0.0375649 -0.0279202
  0.892082 -0.0912687   0.442561  0.0794118
21.9167
  0.430628 -0.0869653   -0.89833 -0.0408475
  0.120026   0.992024 -0.0384991 -0.0270437
  0.894513 -0.0912445   0.437631  0.0791749
21.9583
  0.425861 -0.0871721  -0.900579 -0.0417777
  0.120322   0.991964 -0.0391203 -0.0272058
  0.896752 -0.0917001   0.432927  0.0799994
22
   0.42127 -0.0872785  -0.902726 -0.0426155
  0.120492   0.991921  -0.039673 -0.0273007
  0.898895 -0.0920579   0.428383  0.0807563
22.0417
   0.41682 -0.0873796   -0.90478 -0.0434676
  0.120717   0.991874 -0.0401779 -0.0274323
  0.900938 -0.0924757   0.423981  0.0815064
22.0833
  0.412394 -0.0875276  -0.906791 -0.0444497
  0.121093   0.991808 -0.0406625 -0.0275866
  0.902922 -0.0930374   0.419615  0.0823268
22.125
  0.407882 -0.0877415  -0.908809  -0.045605
  0.121528   0.991732 -0.0412043 -0.0277503
   0.90491 -0.0936395   0.415173  0.0833989
22.1667
  0.403035 -0.0879474  -0.910949 -0.0464937
  0.121934   0.991658 -0.0417917 -0.0279169
  0.907026 -0.0942321   0.410396  0.0842389
22.2083
  0.398093 -0.0881228  -0.913103 -0.0478641
  0.122314   0.991587 -0.0423712 -0.0281057
  0.909154 -0.0948172   0.405522  0.0854104
22.25
  0.392856 -0.0882841  -0.915353   -0.04946
  0.122614   0.991522 -0.0430063 -0.0282656
  0.911389 -0.0953401    0.40035  0.0868375
22.2917
  0.387189 -0.0884587  -0.917747 -0.0498596
  0.122721   0.991475 -0.0437904 -0.0280321
  0.913797 -0.0956714   0.394744  0.0875625
22.3333
  0.381394 -0.0887409  -0.920143 -0.0517682
  0.123123    0.99139 -0.0445785 -0.0280736
  0.916176 -0.0962886   0.389036  0.0898896
22.375
  0.375641  -0.088997  -0.922482 -0.0532296
  0.123603   0.991297 -0.0453038 -0.0282852
  0.918486 -0.0970039   0.383372  0.0909158
22.4167
  0.369612 -0.0892519   -0.92489 -0.0553464
  0.124145   0.991195 -0.0460386 -0.0285898
  0.920856  -0.097804   0.377438  0.0928852
22.4583
  0.363589 -0.0894687  -0.927253 -0.0571014
  0.124578   0.991106 -0.0467811 -0.0288831
  0.923192 -0.0985062   0.371501  0.0944206
22.5
  0.357671 -0.0896282  -0.929537 -0.0584675
  0.124941   0.991027  -0.047482 -0.0291269
  0.925452 -0.0991545    0.36566  0.0955523
22.5417
  0.351885 -0.0897354  -0.931732  -0.058849
  0.125173   0.990965 -0.0481663 -0.0291177
  0.927636 -0.0996789   0.359938  0.0958832
22.5833
  0.346481 -0.0898578  -0.933743 -0.0585864
  0.125422   0.990902 -0.0488186 -0.0290484
  0.929635  -0.100197   0.354598  0.0956117
22.625
   0.34124 -0.0900082  -0.935657 -0.0586918
  0.125674   0.990837 -0.0494823 -0.0290481
  0.931537  -0.100702   0.349425  0.0956182
22.6667
  0.336124 -0.0901445  -0.937494 -0.0580994
  0.125872   0.990779 -0.0501388 -0.0289294
  0.933369  -0.101151   0.344371  0.0950852
22.7083
  0.331608 -0.0899894  -0.939116 -0.0586537
  0.125233    0.99083 -0.0507243 -0.0278517
  0.935068  -0.100788   0.339836  0.0936768
22.75
  0.326726 -0.0900852  -0.940816 -0.0588279
  0.125471    0.99077 -0.0512949 -0.0278942
  0.936753  -0.101286   0.335014  0.0938432
22.7917
  0.321957 -0.0901669  -0.942451 -0.0593247
  0.125707   0.990712 -0.0518407  -0.027927
  0.938372  -0.101782   0.330302  0.0941547
22.8333
  0.317271 -0.0902896  -0.944027 -0.0598496
  0.125945   0.990651 -0.0524212 -0.0278853
  0.939935  -0.102263   0.325676  0.0945667
22.875
  0.312569 -0.0903701  -0.945587 -0.0604751
  0.126156   0.990595   -0.05297 -0.0279389
   0.94148  -0.102735    0.32103  0.0951742
22.9167
  0.307986 -0.0904544  -0.947081 -0.0607528
  0.126365   0.990539 -0.0535116   -0.02796
  0.942961  -0.103197   0.316503  0.0953236
23.25
  0.278295 -0.0905541  -0.956218 -0.0616773
  0.126509   0.990328 -0.0569656  -0.027723
  0.952128  -0.105117   0.287059  0.0954809
23.3333
  0.273574 -0.0904264  -0.957591 -0.0612921
  0.126301   0.990328 -0.0574348 -0.0274334
  0.953522  -0.105232   0.282349   0.095027
23.375
  0.271515 -0.0904345  -0.958176 -0.0612498
  0.126391   0.990304 -0.0576519 -0.0274932
  0.954099  -0.105451   0.280313  0.0949414
23.4167
   0.27001 -0.0906716  -0.958579  -0.059477
  0.127113   0.990199 -0.0578576 -0.0276918
   0.95443  -0.106226   0.278889  0.0930966
23.5
  0.265965 -0.0906511  -0.959711 -0.0598043
  0.127187   0.990165 -0.0582805 -0.0276495
  0.955556  -0.106562   0.274879  0.0933112
23.5417
  0.264061 -0.0906129   -0.96024 -0.0597985
  0.127088   0.990166 -0.0584883 -0.0276222
  0.956096  -0.106591    0.27298  0.0932628
23.5833
  0.262428 -0.0905426  -0.960694 -0.0595731
  0.126967   0.990172 -0.0586377 -0.0276271
  0.956562  -0.106589   0.271345  0.0929509
23.625
  0.261153  -0.090496  -0.961046 -0.0593621
  0.126921   0.990172 -0.0587494  -0.027616
  0.956917  -0.106634   0.270072  0.0926596
23.6667
  0.260089 -0.0904787  -0.961336 -0.0591702
  0.126968    0.99016 -0.0588404 -0.0275994
  0.957201  -0.106755   0.269017   0.092436
23.7083
  0.259096  -0.090486  -0.961604 -0.0597161
  0.127066   0.990142 -0.0589346 -0.0276715
  0.957457  -0.106917    0.26804  0.0929032
23.75
  0.257918 -0.0905154  -0.961917 -0.0601563
  0.127133   0.990124 -0.0590815 -0.0277292
  0.957766  -0.107054   0.266879  0.0933724
23.7917
  0.256537 -0.0905693  -0.962282 -0.0606334
  0.127296   0.990093 -0.0592507 -0.0277421
  0.958115  -0.107295   0.265525  0.0938489
23.8333
  0.254847 -0.0906037  -0.962727 -0.0615383
  0.127461   0.990061 -0.0594356 -0.0278821
  0.958544  -0.107563   0.263863  0.0946999
23.875
  0.252824 -0.0906712  -0.963254 -0.0626047
   0.12765   0.990022 -0.0596868 -0.0280017
  0.959055  -0.107869   0.261875  0.0956563
23.9167
  0.250532 -0.0907283  -0.963847 -0.0634183
  0.127811   0.989984 -0.0599668 -0.0280528
  0.959634  -0.108166   0.259619  0.0963671
23.9583
  0.248124 -0.0907473  -0.964469 -0.0637773
  0.127886   0.989957 -0.0602451 -0.0281524
   0.96025  -0.108394   0.257237  0.0966072
24
  0.245817 -0.0907206  -0.965061  -0.064163
  0.127846   0.989947 -0.0604955 -0.0281226
  0.960848  -0.108508   0.254944  0.0969207
24.0417
  0.243749 -0.0906519  -0.965592 -0.0642842
  0.127779   0.989944 -0.0606821 -0.0281655
  0.961384  -0.108592   0.252881  0.0968985
24.0833
  0.241995 -0.0906225  -0.966036 -0.0638996
  0.127744   0.989938 -0.0608645 -0.0281277
  0.961832  -0.108676   0.251136  0.0964561
24.125
  0.240389  -0.090644  -0.966435 -0.0638195
  0.127864   0.989911 -0.0610412 -0.0280986
  0.962218  -0.108899   0.249554  0.0963407
24.1667
  0.238838 -0.0906781  -0.966816 -0.0643209
  0.128043   0.989878 -0.0612097 -0.0281274
   0.96258  -0.109175   0.248031  0.0967554
24.2083
  0.237141 -0.0907416  -0.967228 -0.0648769
  0.128245   0.989839 -0.0614202 -0.0282264
  0.962973  -0.109477   0.246368  0.0972397
24.25
  0.235116 -0.0907769  -0.967719 -0.0660838
  0.128413   0.989803 -0.0616494  -0.028322
  0.963447  -0.109773   0.244375  0.0983166
24.2917
  0.232836 -0.0908401  -0.968264 -0.0670309
  0.128622   0.989758 -0.0619272 -0.0283838
  0.963973  -0.110121   0.242136  0.0991462
24.3333
  0.230429  -0.090859  -0.968838 -0.0675599
  0.128733   0.989727 -0.0622001 -0.0284416
  0.964536  -0.110389   0.239758  0.0995856
24.375
  0.227998 -0.0908644  -0.969413 -0.0678902
  0.128777   0.989703 -0.0624789 -0.0284737
  0.965108  -0.110593   0.237351  0.0998356
24.4167
  0.225861 -0.0909922  -0.969901  -0.070208
  0.129193   0.989632 -0.0627581 -0.0289515
  0.965555  -0.111129   0.235275   0.101959
24.4583
  0.223714 -0.0909826  -0.970399 -0.0706425
  0.129211   0.989614  -0.062996 -0.0289166
  0.966052  -0.111293   0.233147   0.102305
24.5
   0.22163 -0.0910215  -0.970873 -0.0709853
  0.129314   0.989584 -0.0632559 -0.0289319
  0.966518  -0.111529   0.231092    0.10258
24.5417
  0.219511 -0.0910768   -0.97135 -0.0713442
  0.129495   0.989544 -0.0635189 -0.0290153
  0.966978  -0.111841   0.229009   0.102831
24.5833
   0.21707 -0.0911946  -0.971887 -0.0725238
  0.129831   0.989478 -0.0638477 -0.0291358
  0.967484  -0.112322   0.226626   0.103924
24.625
  0.214253 -0.0913269  -0.972499 -0.0737391
  0.130155    0.98941 -0.0642403 -0.0292252
  0.968068  -0.112812    0.22387   0.105017
24.6667
  0.211078 -0.0914163  -0.973185  -0.074735
  0.130397   0.989352 -0.0646527 -0.0292822
  0.968733  -0.113253   0.220751    0.10591
24.7083
   0.20771 -0.0914856  -0.973903 -0.0756367
   0.13053   0.989305 -0.0650935 -0.0293442
  0.969442  -0.113603    0.21743   0.106683
24.75
  0.204232  -0.091553  -0.974632 -0.0765649
  0.130729    0.98925 -0.0655321 -0.0294423
  0.970154  -0.114029   0.214006   0.107385
24.7917
   0.20054 -0.0917074  -0.975384 -0.0777311
  0.131075   0.989169 -0.0660544 -0.0295589
  0.970877  -0.114602   0.210389   0.108408
24.8333
  0.196556 -0.0919098  -0.976175  -0.078925
   0.13155   0.989067 -0.0666357 -0.0296285
  0.971628  -0.115318   0.206498    0.10945
24.875
  0.192345 -0.0920484  -0.977001 -0.0795823
  0.131864   0.988986 -0.0672171 -0.0296714
  0.972428  -0.115903   0.202364   0.109931
24.9167
  0.188141 -0.0920712  -0.977817 -0.0838573
  0.132025   0.988931 -0.0677149 -0.0299118
  0.973228  -0.116356   0.198214   0.113695
24.9583
   0.18427  -0.091866  -0.978573  -0.086878
  0.131809   0.988939 -0.0680188 -0.0304163
  0.973997  -0.116451   0.194341   0.116205
25
  0.180849 -0.0917776  -0.979219 -0.0872003
  0.131631   0.988938 -0.0683779 -0.0304208
  0.974662   -0.11653   0.190929    0.11622
25.0417
  0.177716 -0.0917987  -0.979791 -0.0876041
  0.131775   0.988893 -0.0687498 -0.0305246
  0.975219  -0.116894   0.187839   0.116386
25.0833
   0.17463 -0.0918778  -0.980338 -0.0885803
    0.1321   0.988822 -0.0691416 -0.0306402
  0.975733  -0.117429   0.184815   0.117212
25.125
    0.1714 -0.0920125  -0.980895 -0.0904885
  0.132572   0.988728 -0.0695818 -0.0308768
  0.976241  -0.118112   0.181666   0.118649
25.1667
   0.16779 -0.0921336  -0.981508 -0.0923973
  0.132953   0.988642 -0.0700747 -0.0310697
  0.976816  -0.118737   0.178134   0.120314
25.2083
  0.163661 -0.0922488  -0.982194 -0.0944027
  0.133231   0.988564 -0.0706472 -0.0312447
  0.977479  -0.119296   0.174079   0.122216
25.25
  0.159085 -0.0923446  -0.982937 -0.0964935
  0.133576   0.988474 -0.0712459 -0.0314301
  0.978187  -0.119963   0.169586   0.123984
25.2917
  0.154349 -0.0924015  -0.983686 -0.0983889
  0.133885    0.98839 -0.0718356 -0.0316854
  0.978903  -0.120613   0.164928   0.125525
25.3333
  0.149662 -0.0924757  -0.984403 -0.0999422
  0.134151   0.988309 -0.0724473 -0.0318188
  0.979594  -0.121216   0.160318   0.126639
25.375
  0.145168 -0.0925309  -0.985071  -0.101188
  0.134252   0.988251 -0.0730452 -0.0319122
  0.980256  -0.121644   0.155885   0.127246
25.4167
  0.140825  -0.092512  -0.985703  -0.102393
  0.134304   0.988206 -0.0735593 -0.0321456
  0.980883  -0.122024   0.151589   0.127947
25.4583
  0.136691 -0.0924654  -0.986289  -0.105569
   0.13445   0.988153 -0.0740066 -0.0329654
  0.981447  -0.122491   0.147503   0.127281
25.5
  0.132361 -0.0923636  -0.986889   -0.11275
  0.134823   0.988073 -0.0743922 -0.0345244
   0.98199  -0.123208   0.143235    0.12981
25.5417
  0.127261 -0.0921104  -0.987583  -0.114825
  0.134884   0.988036 -0.0747713 -0.0356222
  0.982655  -0.123694   0.138163   0.136943
25.5833
   0.12214 -0.0921353  -0.988227   -0.11856
  0.135183   0.987947 -0.0754013 -0.0363739
  0.983264  -0.124382   0.133123   0.139079
25.625
