3.88
   0.999934 -0.00402677  -0.0108037  0.00106379
 0.00160091    0.976443   -0.215769    0.152252
  0.0114181    0.215738    0.976385    0.137141
3.9
   0.999904 -0.00511196  -0.0128813  0.00331794
 0.00219838    0.976221   -0.216767    0.151605
  0.0136831    0.216718    0.976138    0.139377
3.92
   0.999897 -0.00719466  -0.0123891  0.00342949
 0.00433418    0.976146    -0.21707    0.151321
  0.0136553    0.216994    0.976077    0.141275
3.94
   0.999897 -0.00857804  -0.0115125  0.00352357
 0.00587295    0.976105   -0.217218    0.151044
  0.0131007    0.217128    0.976055    0.143136
3.96
     0.9999 -0.00918094   -0.010754  0.00365699
 0.00662143    0.976017   -0.217593    0.150772
  0.0124938      0.2175     0.97598    0.145078
3.98
   0.999907 -0.00936776 -0.00995476  0.00370277
   0.006972     0.97591   -0.218061    0.150523
  0.0117577    0.217971    0.975884    0.147023
4
   0.999913   -0.008959 -0.00966344  0.00365769
 0.00663216    0.975828   -0.218437    0.150259
  0.0113868    0.218354    0.975803      0.1488
4.04
   0.999905 -0.00821331  -0.0111071  0.00344945
 0.00558094    0.975693   -0.219072    0.149752
  0.0126364    0.218989    0.975646    0.152474
4.06
  0.999883 -0.0084337 -0.0127753   0.003704
0.00543371   0.975741  -0.218861   0.149006
 0.0143112   0.218766   0.975672    0.15444
4.08
   0.999863 -0.00834407  -0.0143269  0.00374249
 0.00500222     0.97568   -0.219142    0.148633
   0.015807     0.21904    0.975588    0.156442
4.1
   0.999841 -0.00824442  -0.0158326  0.00369793
 0.00457004    0.975618   -0.219428     0.14829
  0.0172556     0.21932      0.9755     0.15836
4.12
   0.999812 -0.00849098   -0.017456  0.00376353
 0.00444462    0.975504   -0.219937    0.147988
  0.0188958    0.219818    0.975358    0.160453
4.14
  0.999771 -0.0090719 -0.0193772 0.00408945
0.00458077   0.975417  -0.220319   0.147453
 0.0208996    0.22018   0.975235   0.162772
4.16
    0.99973 -0.00912601   -0.021389  0.00445348
 0.00417215    0.975243   -0.221098    0.147143
  0.0228772    0.220949    0.975017     0.16518
4.18
   0.999693 -0.00927428  -0.0229798    0.004284
 0.00394979    0.975105   -0.221709    0.146735
  0.0244639     0.22155    0.974842     0.16722
4.2
   0.999633 -0.00960249  -0.0253261  0.00458846
 0.00373775    0.975006   -0.222147    0.146253
  0.0268262    0.221971    0.974684    0.169499
4.22
   0.999581 -0.00961338   -0.027295  0.00451706
 0.00329453     0.97488   -0.222705    0.145867
  0.0287503    0.222522    0.974504     0.17181
4.24
   0.999493 -0.00849012  -0.0306894  0.00604702
 0.00142181    0.974737   -0.223352    0.144987
  0.0318103    0.223195    0.974255    0.174803
4.26
   0.999418 -0.00851393  -0.0330245  0.00624669
0.000901439    0.974594   -0.223976     0.14452
  0.0340924    0.223816    0.974035    0.177285
4.28
    0.999347  -0.00807538   -0.0352282   0.00635317
-4.45855e-05     0.974443    -0.224637     0.144099
   0.0361419     0.224492     0.973806     0.179725
4.3
   0.999261 -0.00696846  -0.0378067  0.00643886
-0.00172274     0.97433    -0.22512    0.143655
   0.038405    0.225018    0.973597    0.182152
4.32
    0.99915 -0.00587253  -0.0408047  0.00660155
-0.00348614    0.974221    -0.22557    0.143203
  0.0410775     0.22552    0.973372    0.184668
4.34
   0.999011 -0.00534565  -0.0441397  0.00702316
-0.00477502    0.974105   -0.226044    0.142779
  0.0442051    0.226031    0.973117    0.187314
4.36
   0.998894 -0.00472824  -0.0467821  0.00720109
 -0.0060034    0.973964   -0.226623    0.142337
  0.0466356    0.226653    0.972858    0.189826
4.38
   0.998794 -0.00417434  -0.0489182  0.00751123
-0.00708216    0.973708    -0.22769    0.141947
  0.0485825    0.227762    0.972504    0.192311
4.4
   0.998737 -0.00416729  -0.0500698  0.00792669
-0.00740137    0.973479   -0.228657    0.141399
  0.0496947    0.228738    0.972219      0.1947
4.42
   0.998699 -0.00507073  -0.0507331   0.0084153
 -0.0067694    0.973046   -0.230513    0.140854
  0.0505345    0.230557    0.971746    0.197422
4.44
   0.998683 -0.00537198  -0.0510162  0.00882172
 -0.0066302    0.972643    -0.23221    0.140086
  0.0508679    0.232243    0.971327     0.19998
4.46
   0.998662 -0.00590077    -0.05138  0.00902805
-0.00631861    0.972106   -0.234456    0.139482
  0.0513303    0.234467    0.970768    0.202793
4.5
   0.998651 -0.00745904  -0.0513817  0.00940344
-0.00502869    0.971078   -0.238708    0.138632
  0.0516762    0.238644    0.969731    0.207742
4.52
   0.998674 -0.00895602  -0.0507047  0.00971178
-0.00353143    0.970524   -0.240979    0.138108
  0.0513684    0.240838    0.969205    0.210229
4.54
   0.998716 -0.00977517  -0.0497099   0.0100903
-0.00263222    0.969871   -0.243604    0.137662
  0.0505934    0.243422      0.9686    0.212749
4.56
   0.998796 -0.00965293  -0.0480978   0.0103025
 -0.0024992    0.969164   -0.246403    0.137166
  0.0489932    0.246227    0.967973    0.215147
4.58
   0.998871 -0.00886808  -0.0466749   0.0105547
-0.00307211    0.968313   -0.249721    0.136703
  0.0474104    0.249583    0.967192    0.217581
4.6
   0.998912 -0.00779406  -0.0459698   0.0105996
-0.00405075    0.967695   -0.252092    0.136283
  0.0464496    0.252004    0.966611     0.22008
4.62
   0.998893  -0.0065912  -0.0465834   0.0102574
-0.00539212    0.967574   -0.252528    0.135795
  0.0467373      0.2525    0.966467    0.222312
4.64
   0.998792 -0.00590929  -0.0487826   0.0102179
-0.00656215    0.967811   -0.251592    0.135388
   0.048699    0.251608    0.966603    0.224636
4.66
  0.998678 -0.0054462 -0.0511074  0.0102917
-0.0074375    0.96859  -0.248551   0.134754
 0.0508558   0.248603    0.96727   0.227044
4.68
    0.99854 -0.00595178  -0.0536841   0.0106047
-0.00744809    0.969243   -0.245994    0.134354
   0.053497    0.246034    0.967784     0.22955
4.7
   0.998439 -0.00647583  -0.0554676   0.0107588
-0.00722718    0.969917    -0.24333    0.133952
  0.0553747    0.243351    0.968356    0.232015
4.72
   0.998377 -0.00722162  -0.0564964   0.0107402
-0.00658784     0.97063   -0.240487    0.133544
  0.0565738    0.240469    0.969007    0.234302
4.74
    0.99833 -0.00752577  -0.0572793   0.0107803
-0.00632284    0.971289   -0.237817    0.133171
  0.0574245    0.237782     0.96962    0.236594
4.76
   0.998292 -0.00732505  -0.0579676   0.0109003
-0.00656381    0.971771   -0.235836    0.132784
  0.0580587    0.235814    0.970062    0.239006
4.8
    0.99822 -0.00656658  -0.0592798   0.0109871
-0.00751157    0.972165   -0.234178    0.131768
  0.0591675    0.234206    0.970385     0.24344
4.82
   0.998174 -0.00686301  -0.0600167   0.0111988
-0.00738369    0.972214   -0.233977    0.131437
  0.0599548    0.233993    0.970388    0.245848
4.84
   0.998161 -0.00752594  -0.0601423   0.0110758
-0.00672906    0.972368   -0.233358    0.130981
  0.0602366    0.233333    0.970529    0.247951
4.86
    0.99813 -0.00844032  -0.0605437   0.0112238
-0.00592159    0.972414   -0.233187      0.1306
  0.0608418    0.233109    0.970545    0.250254
4.88
   0.998083 -0.00899565  -0.0612397   0.0116064
-0.00555539    0.972371   -0.233376    0.129965
   0.061647    0.233268    0.970456    0.252154
4.9
   0.998003  -0.0109055  -0.0622124   0.0119629
-0.00399278    0.972118   -0.234459    0.128978
  0.0630347    0.234239    0.970133    0.254418
4.92
   0.997925  -0.0130619  -0.0630519   0.0120396
-0.00220469    0.971704   -0.236193     0.12843
  0.0643529    0.235842    0.969658    0.256677
4.94
    0.997845    -0.015069   -0.0638578    0.0121326
-0.000542929     0.971339    -0.237697     0.127828
   0.0656094      0.23722     0.969238     0.258887
4.96
     0.9978  -0.0164576   -0.064225   0.0122936
0.000583245    0.970843   -0.239717    0.127367
  0.0662975    0.239152    0.968716    0.261222
4.98
  0.997818 -0.0170634 -0.0637849   0.012298
0.00111327   0.970241  -0.242138   0.127029
 0.0660184   0.241539   0.968143   0.263597
5
  0.997846  -0.017255 -0.0632926  0.0122703
0.00129658   0.969788  -0.243945   0.126498
 0.0655897   0.243337   0.967722   0.265909
5.02
  0.997863 -0.0173798 -0.0629846  0.0123256
0.00139901   0.969436   -0.24534   0.126126
 0.0653235   0.244727   0.967389   0.268357
5.04
  0.997876 -0.0174333 -0.0627681  0.0121721
0.00146529    0.96929  -0.245917   0.125569
 0.0651276   0.245302   0.967257   0.270736
5.06
  0.997856 -0.0174346 -0.0630803  0.0120916
0.00137608   0.969239  -0.246118   0.125052
 0.0654308   0.245504   0.967185   0.273182
5.08
   0.99782 -0.0173358 -0.0636764   0.011883
0.00115449   0.969319  -0.245805   0.124553
  0.065984   0.245195   0.967226   0.275662
5.1
  0.997737 -0.0175789 -0.0648991  0.0118974
 0.0011163   0.969416  -0.245419   0.123976
 0.0672284   0.244791   0.967242   0.278346
5.12
  0.997647  -0.018443 -0.0660376  0.0118938
0.00158809   0.969101  -0.246659   0.123394
 0.0685463   0.245974    0.96685   0.281111
5.14
  0.997558 -0.0194337 -0.0670904  0.0117794
  0.002252   0.968964   -0.24719   0.122815
  0.069812   0.246435   0.966642    0.28375
5.16
  0.997418 -0.0199295 -0.0689876   0.012381
0.00231593   0.969143  -0.246487   0.122039
 0.0717712   0.245691   0.966688   0.285739
5.18
  0.997338 -0.0200419 -0.0701095  0.0123732
0.00215521   0.969167  -0.246393   0.121761
  0.072886   0.245586   0.966631   0.288306
5.2
  0.997265 -0.0198324 -0.0712019  0.0122918
0.00172195   0.969302  -0.245869   0.121156
 0.0738923   0.245074   0.966684   0.291165
5.22
    0.99722  -0.0192238  -0.0719927   0.0121725
0.000983371     0.96946   -0.245248    0.120521
  0.0745086    0.244496    0.966784    0.294012
5.24
   0.997208   -0.018308  -0.0723979   0.0121426
3.60289e-05      0.9696   -0.244697    0.119949
  0.0746769    0.244011    0.966893    0.296955
5.28
   0.997245  -0.0148857  -0.0726739   0.0118215
-0.00327149    0.969882   -0.243552    0.118625
  0.0741106    0.243119    0.967161    0.302622
5.3
   0.997225   -0.012542  -0.0733886   0.0115136
-0.00569095    0.969985   -0.243099    0.118012
  0.0742347    0.242842    0.967221    0.305353
5.32
   0.997144  -0.0103464  -0.0748132   0.0113169
-0.00815166    0.970042   -0.242802    0.117439
   0.075084    0.242718    0.967187    0.308201
5.34
   0.997063 -0.00918471  -0.0760279   0.0109998
-0.00956821    0.970061   -0.242672    0.116767
  0.0759806    0.242687    0.967125    0.310861
5.36
   0.996964 -0.00938977  -0.0772997   0.0108602
-0.00967575    0.970071   -0.242629    0.115991
  0.0772644     0.24264    0.967035    0.313556
5.38
   0.996846  -0.0100249  -0.0787228   0.0107772
-0.00942832    0.970002   -0.242912    0.115408
  0.0787964    0.242888    0.966849    0.316599
5.4
   0.996662  -0.0107584  -0.0809302   0.0114781
-0.00920296    0.970157   -0.242302    0.113856
  0.0811218    0.242238    0.966819     0.31975
5.42
  0.996614 -0.0111585 -0.0814575  0.0115637
-0.0090192   0.969931  -0.243215   0.113169
 0.0817221   0.243126   0.966546   0.322598
5.44
   0.996629  -0.0120436  -0.0811555   0.0115687
-0.00818088    0.969649   -0.244363    0.112518
  0.0816354    0.244203    0.966282    0.325396
5.46
    0.99667  -0.0130732  -0.0804901   0.0115604
-0.00711248    0.969367   -0.245515    0.111848
  0.0812341    0.245269    0.966045    0.328115
5.48
   0.996719  -0.0140828  -0.0797074   0.0115586
-0.00604815    0.969037   -0.246841    0.111217
  0.0807157    0.246513    0.965772    0.330869
5.5
  0.996774 -0.0151928 -0.0788144   0.011425
-0.0048555   0.968711  -0.248143   0.110671
 0.0801184   0.247725   0.965512   0.333516
5.52
   0.996794  -0.0163761  -0.0783206   0.0114046
-0.00364257     0.96853   -0.248869    0.110175
  0.0799314    0.248357    0.965365    0.336227
5.54
   0.996789  -0.0172549  -0.0781958   0.0112574
-0.00273531    0.968602   -0.248603    0.109534
  0.0800302    0.248018    0.965444    0.338855
5.58
   0.996719  -0.0174842  -0.0790324   0.0111955
-0.00264684     0.96883   -0.247713    0.108423
     0.0809     0.24711    0.965604    0.344011
5.64
   0.996444  -0.0176858  -0.0823856    0.011111
-0.00307029    0.969455   -0.245248    0.106801
  0.0842066    0.244629    0.965953    0.351498
5.66
  0.996376 -0.0186198 -0.0830007  0.0107618
-0.0019442   0.970509  -0.241056   0.104222
 0.0850414   0.240344   0.966955   0.353024
5.68
   0.996261  -0.0196986  -0.0841218   0.0107411
-0.00107722    0.970753   -0.240077    0.103614
  0.0863907     0.23927    0.967102    0.355367
5.72
   0.996017   -0.021607  -0.0865092   0.0107253
0.000345347    0.971124   -0.238577    0.102439
   0.089166    0.237596    0.967263    0.360129
5.74
   0.995917  -0.0223454  -0.0874638   0.0106694
0.000893204    0.971272   -0.237971    0.101852
  0.0902686    0.236922    0.967326    0.362514
5.76
  0.995815 -0.0227169 -0.0885193  0.0106799
0.00106465    0.97143  -0.237323   0.101268
 0.0913815   0.236236   0.967389   0.364967
5.8
    0.995642   -0.0212388   -0.0908106    0.0107186
-0.000785475     0.971779    -0.235892     0.100151
   0.0932579     0.234935     0.967527      0.36975
5.82
   0.995559  -0.0201565  -0.0919563   0.0107247
-0.00205745    0.971917   -0.235316   0.0995948
   0.094117     0.23446    0.967559    0.372178
5.84
   0.995461  -0.0195734  -0.0931336   0.0107652
-0.00284693    0.972058   -0.234722    0.099021
  0.0951256    0.233922    0.967591    0.374511
5.88
  0.995179 -0.0182581 -0.0963574  0.0107202
-0.0048352   0.972188  -0.234151  0.0977919
 0.0979527   0.233488   0.967413    0.37941
5.9
   0.994964  -0.0171175   -0.098758    0.010747
-0.00659073    0.972003   -0.234875   0.0971221
   0.100014    0.234343    0.966996    0.381927
5.92
   0.994753  -0.0160856   -0.101033   0.0108398
-0.00826197    0.971705   -0.236053   0.0965434
   0.101971    0.235649    0.966474    0.384447
5.94
   0.994584  -0.0154535   -0.102778   0.0108203
-0.00943605    0.971374   -0.237366   0.0959805
   0.103505    0.237051    0.965968    0.386979
5.96
   0.994409  -0.0156126   -0.104435   0.0109928
-0.00940203    0.971991   -0.234832    0.093283
   0.105177    0.234501     0.96641    0.388834
5.98
   0.994245  -0.0157346   -0.105972   0.0110097
-0.00976127    0.971737   -0.235864   0.0926939
   0.106688    0.235541    0.965991    0.391352
6
  0.994086 -0.0157022  -0.107452   0.011035
-0.0102286   0.971552  -0.236604  0.0920522
  0.108111   0.236304   0.965646   0.393986
6.02
  0.993926 -0.0156241  -0.108936  0.0111162
 -0.010745   0.971363  -0.237355  0.0914274
  0.109525   0.237084   0.965296   0.396645
6.04
  0.993787 -0.0156602  -0.110189  0.0111916
-0.0110533   0.971269  -0.237727  0.0908695
  0.110746   0.237468   0.965062   0.399316
6.06
  0.993662 -0.0162052  -0.111234  0.0112639
-0.0107178   0.971387  -0.237259  0.0901681
  0.111897   0.236947   0.965057   0.402151
6.08
  0.993511 -0.0170051  -0.112461  0.0113428
-0.0101842   0.971489  -0.236867   0.089491
  0.113282   0.236476   0.965011   0.404985
6.1
   0.993393  -0.0174759   -0.113424   0.0113426
-0.00989815    0.971607   -0.236392   0.0888536
   0.114334    0.235953    0.965015    0.407824
6.12
   0.993245  -0.0181902   -0.114605    0.011556
-0.00942125    0.971735   -0.235886   0.0880925
   0.115657    0.235372    0.964999    0.410493
6.14
   0.993222  -0.0191006   -0.114652    0.011872
-0.00817244    0.972488    -0.23281   0.0859627
   0.115945    0.232169     0.96574    0.412725
6.16
   0.993291  -0.0206049   -0.113795   0.0118709
-0.00637899    0.972739   -0.231815   0.0847826
   0.115469    0.230986    0.966081    0.415418
6.18
   0.993369  -0.0207107   -0.113087   0.0118815
-0.00604347    0.972874   -0.231257   0.0839465
   0.114809    0.230407    0.966298    0.418106
6.22
   0.993406  -0.0192245   -0.113026   0.0118313
-0.00742657    0.972981   -0.230766   0.0825932
   0.114409    0.230084    0.966422    0.423522
6.24
   0.993386  -0.0183061   -0.113358   0.0117447
-0.00837095    0.973038   -0.230491    0.081986
   0.114521    0.229915    0.966449    0.426224
6.26
   0.993346  -0.0177028   -0.113799    0.011653
-0.00902996    0.973102   -0.230199   0.0813642
   0.114814    0.229695    0.966467    0.428799
6.28
  0.993284 -0.0164706  -0.114526  0.0116213
-0.0103537   0.973193  -0.229757  0.0806837
   0.11524     0.2294   0.966486   0.431397
6.3
  0.993231 -0.0145036  -0.115248  0.0115527
-0.0124102   0.973245  -0.229435   0.080079
  0.115492   0.229312   0.966477   0.433906
6.32
  0.993141 -0.0126156  -0.116239  0.0114417
-0.0144473   0.973302  -0.229072  0.0794883
  0.116025    0.22918   0.966444   0.436383
6.34
  0.993041 -0.0113811  -0.117215  0.0113367
-0.0158419   0.973363  -0.228721  0.0789779
  0.116696   0.228986    0.96641   0.438717
6.36
  0.992917 -0.0107004  -0.118329  0.0111681
 -0.016741     0.9734    -0.2285  0.0784644
  0.117626   0.228863   0.966326   0.441037
6.38
  0.992782 -0.0103747  -0.119484  0.0112364
 -0.016877   0.974254  -0.224823  0.0760428
  0.118741   0.225216   0.967046   0.443301
6.4
   0.992655 -0.00984725   -0.120578   0.0109759
 -0.0175974    0.974329   -0.224441   0.0755526
   0.119693    0.224914    0.966999    0.445569
6.42
  0.992515 -0.0090993  -0.121782   0.010789
-0.0184853   0.974536  -0.223469  0.0751085
  0.120714   0.224048   0.967073   0.447927
6.44
   0.992409 -0.00820037    -0.12271   0.0104852
 -0.0193708    0.974898    -0.22181   0.0745414
   0.121449    0.222503    0.967338    0.450241
6.48
   0.992122 -0.00873983   -0.124969   0.0101435
 -0.0190774    0.975388   -0.219669    0.073255
   0.123813    0.220323    0.967537     0.45499
6.5
   0.991988 -0.00872114   -0.126034  0.00983281
 -0.0192775    0.975483   -0.219229    0.072686
   0.124856    0.219902    0.967499    0.457235
6.52
   0.991856 -0.00787217   -0.127121  0.00957295
 -0.0203102     0.97554   -0.218882   0.0720425
   0.125735    0.219681    0.967435    0.459346
6.54
   0.991709 -0.00699035   -0.128315  0.00940665
 -0.0214099    0.975576   -0.218617   0.0713241
    0.12671    0.219552    0.967337    0.461529
6.6
   0.991268 -0.00743434   -0.131653  0.00863699
 -0.0223405    0.974507    -0.22324   0.0693286
   0.129957    0.224232    0.965832    0.467999
6.62
   0.991164 -0.00737788   -0.132438  0.00805263
 -0.0228106    0.974097   -0.224979   0.0687307
   0.130668    0.226012    0.965321    0.470226
6.64
   0.990976 -0.00790216   -0.133806  0.00793195
 -0.0229023    0.973599   -0.227113   0.0682293
   0.132068    0.228128    0.964632    0.472524
6.66
   0.990783 -0.00854522   -0.135191  0.00793071
    -0.0229    0.973078   -0.229336   0.0677189
   0.133511    0.230318    0.963913    0.474854
6.68
   0.990576 -0.00836221   -0.136709  0.00812577
 -0.0231925    0.973479   -0.227596   0.0651569
   0.134987    0.228621    0.964111    0.477083
6.7
   0.990444 -0.00848475   -0.137652  0.00783847
 -0.0236041    0.972949    -0.22981   0.0646261
   0.135878    0.230863    0.963452    0.479483
6.72
    0.99031 -0.00887581   -0.138588  0.00762262
 -0.0237738    0.972388   -0.232157   0.0641639
   0.136822    0.233202    0.962755    0.481876
6.74
   0.990246 -0.00879305   -0.139052  0.00735195
 -0.0242525    0.971893    -0.23417    0.063594
   0.137203    0.235258      0.9622    0.484274
6.76
   0.990241 -0.00855134   -0.139104  0.00710074
 -0.0248107    0.971355   -0.236334   0.0630807
    0.13714    0.237479    0.961663    0.486696
6.78
   0.990319 -0.00870659   -0.138537  0.00687966
 -0.0247941    0.970886   -0.238256   0.0626349
   0.136578    0.239384    0.961271    0.489159
6.8
   0.990409 -0.00964673   -0.137829  0.00695691
 -0.0234375    0.971372   -0.236405   0.0606951
   0.136163    0.237368     0.96183    0.491206
6.82
  0.990507 -0.0123027  -0.136909 0.00686804
 -0.020599   0.971456  -0.236325   0.059564
  0.135908   0.236902    0.96198    0.49369
6.86
  0.990841 -0.0165309  -0.134019 0.00623306
-0.0159102   0.971274  -0.237433  0.0583738
  0.134094   0.237391   0.962115   0.498855
6.88
  0.991053 -0.0181565  -0.132231 0.00594702
-0.0139372   0.971211  -0.237814  0.0578334
  0.132742   0.237529   0.962268    0.50135
6.9
  0.991354 -0.0192982  -0.129787 0.00557294
-0.0121444   0.971385    -0.2372  0.0572372
  0.130651   0.236725   0.962752   0.503906
6.92
  0.991655 -0.0201009  -0.127342 0.00520807
-0.0104867   0.971919  -0.235081  0.0566588
  0.128491   0.234455   0.963598   0.506765
6.94
   0.991851  -0.0204803   -0.125745  0.00471284
-0.00934018    0.972649   -0.232091   0.0559409
   0.127059    0.231374    0.964532    0.509366
6.96
   0.991863   -0.020045   -0.125721  0.00424174
-0.00952508    0.973074   -0.230294   0.0551861
   0.126952    0.229618    0.964966    0.511778
6.98
  0.991694 -0.0188048  -0.127237 0.00405122
-0.0105178   0.974085  -0.225939  0.0519495
  0.128188   0.225401   0.965796    0.51387
7
  0.991527 -0.0177697  -0.128681  0.0037483
-0.0119089   0.973994  -0.226261  0.0504232
  0.129355   0.225876   0.965529   0.516387
7.02
  0.991537 -0.0170268  -0.128705 0.00354769
-0.0129443   0.973457  -0.228504  0.0495757
  0.129179   0.228237   0.964998   0.518858
7.04
  0.991775 -0.0166415  -0.126906 0.00335901
-0.0132697   0.972799  -0.231269  0.0487108
  0.127302   0.231051   0.964577   0.521462
7.06
  0.992141 -0.0164576  -0.124039 0.00308862
 -0.013221   0.971975  -0.234713  0.0478786
  0.124426   0.234508   0.964118   0.524116
7.08
  0.992537 -0.0160178  -0.120884 0.00256796
-0.0134158   0.970973  -0.238812  0.0472152
    0.1212   0.238652   0.963512   0.526491
7.1
  0.992774 -0.0165196  -0.118856  0.0020944
-0.0128009   0.970248  -0.241775  0.0465647
  0.119314   0.241549   0.963026   0.529002
7.14
   0.992905  -0.0192381   -0.117344  0.00128378
-0.00952452    0.970788   -0.239749   0.0428857
   0.118528    0.239166    0.963717    0.533399
7.16
   0.992957  -0.0206039   -0.116667 0.000898792
-0.00799843    0.970855   -0.239532   0.0418472
   0.118202    0.238778    0.963853    0.535748
7.18
   0.993008  -0.0213907   -0.116091 0.000484581
 -0.0070379    0.970967   -0.239108   0.0415427
   0.117836    0.238254    0.964028    0.538189
7.2
   0.993078  -0.0206634   -0.115628 0.000108232
-0.00727896    0.971686   -0.236162   0.0411479
   0.117234    0.235369     0.96481    0.540563
7.22
    0.993193   -0.0193411    -0.114868 -0.000209871
 -0.00783792     0.972788    -0.231565    0.0406405
    0.116221     0.230889     0.966014     0.542842
7.24
    0.993332    -0.017707    -0.113918 -0.000478786
 -0.00870341     0.973797    -0.227254    0.0400427
    0.114957      0.22673      0.96715     0.545119
7.26
    0.993499   -0.0161864    -0.112685 -0.000693109
 -0.00947465      0.97465    -0.223536     0.039404
    0.113447     0.223151      0.96816     0.547335
7.28
     0.99365   -0.0153958    -0.111454 -0.000954888
  -0.0096152      0.97535    -0.220454    0.0389303
    0.112101     0.220126     0.969009     0.549519
7.3
   0.993692  -0.0155791   -0.111057 -0.00123469
-0.00898806    0.976054   -0.217343   0.0384627
   0.111784     0.21697    0.969757    0.551621
7.32
   0.993641  -0.0152907   -0.111556 -0.00151225
-0.00905325     0.97668    -0.21451   0.0378924
   0.112234    0.214156     0.97033    0.553644
7.34
    0.99367  -0.0145252   -0.111396 -0.00207795
-0.00849087    0.979059   -0.203401   0.0333145
   0.112018     0.20306    0.972738    0.554898
7.36
   0.993709  -0.0131709   -0.111217 -0.00229062
-0.00961869    0.979354   -0.201922     0.03267
    0.11158    0.201721    0.973066    0.556986
7.38
   0.993818  -0.0121311   -0.110353 -0.00252959
 -0.0103647    0.979532   -0.201023   0.0319898
   0.110533    0.200924    0.973351    0.559084
7.4
   0.993906  -0.0116222   -0.109615 -0.00281597
 -0.0106636    0.979624   -0.200557   0.0315655
   0.109712    0.200504     0.97353    0.561152
7.42
   0.993957  -0.0109852   -0.109218 -0.00311273
 -0.0108611    0.980255   -0.197437   0.0310234
   0.109231     0.19743    0.974213    0.563232
7.44
  0.993957 -0.0104354  -0.109274 -0.0033122
-0.0110528   0.980898   -0.19421  0.0302662
  0.109213   0.194244   0.974855   0.565326
7.46
    0.99398  -0.0098249   -0.109123 -0.00344997
 -0.0113446    0.981389   -0.191694   0.0294626
   0.108976    0.191778    0.975369    0.567382
7.48
   0.993987 -0.00983107   -0.109059 -0.00346901
 -0.0103576    0.983055   -0.183018   0.0255904
   0.109011    0.183047    0.977042    0.569324
7.5
   0.994065 -0.00951812   -0.108373 -0.00367906
 -0.0102959    0.983463   -0.180816   0.0242455
   0.108302    0.180858    0.977528    0.571366
7.52
   0.994137 -0.00959109     -0.1077 -0.00383299
 -0.0100809    0.983498   -0.180637   0.0235392
   0.107655    0.180664    0.977635    0.573471
7.54
   0.994203 -0.00976349   -0.107072 -0.00398806
-0.00979597      0.9835   -0.180641   0.0228804
   0.107069    0.180643    0.977704    0.575604
7.56
   0.994262 -0.00971046   -0.106533 -0.00411856
 -0.0097458    0.983508   -0.180603   0.0221475
    0.10653    0.180604     0.97777    0.577774
7.58
    0.99431 -0.00996561   -0.106058  -0.0042464
-0.00944349    0.983448   -0.180943   0.0214999
   0.106105    0.180915    0.977758    0.579965
7.6
   0.994358  -0.0102686   -0.105576  -0.0043886
-0.00909835    0.983379   -0.181339   0.0208614
   0.105683    0.181276    0.977737    0.582161
7.62
    0.99433  -0.0111212   -0.105752 -0.00438795
 -0.0075549    0.984614   -0.174579    0.017402
   0.106067    0.174388    0.978948     0.58401
7.64
   0.994294   -0.011145   -0.106094 -0.00459568
 -0.0074939    0.984774    -0.17368   0.0163281
   0.106415    0.173484    0.979071    0.586271
7.66
   0.994229  -0.0109446   -0.106717  -0.0047425
-0.00781961    0.984742   -0.173844   0.0155649
   0.106991    0.173676    0.978974     0.58847
7.68
   0.994157  -0.0113873   -0.107345 -0.00485183
-0.00753529    0.984674   -0.174241   0.0148042
   0.107684    0.174032    0.978834    0.590718
7.7
   0.994081  -0.0124154   -0.107931 -0.00498032
  -0.006666    0.984607   -0.174656   0.0141032
   0.108438    0.174342    0.978696     0.59295
7.72
   0.994007   -0.013293   -0.108503 -0.00512059
-0.00594204    0.984541   -0.175055   0.0133745
   0.109152    0.174651    0.978562    0.595198
7.74
   0.993946  -0.0135632   -0.109032 -0.00523522
 -0.0058462    0.984417   -0.175752   0.0126986
   0.109717    0.175325    0.978378     0.59746
7.76
   0.993932  -0.0135269   -0.109159 -0.00532253
 -0.0059803    0.984296   -0.176425   0.0120549
   0.109832    0.176008    0.978242    0.599814
7.78
   0.993946  -0.0131576    -0.10908 -0.00544543
 -0.0062795    0.984378   -0.175959   0.0117026
   0.109691    0.175578    0.978335    0.602261
7.8
    0.99389  -0.0123908   -0.109677 -0.00546469
-0.00587741    0.986327   -0.164692  0.00812788
   0.110218    0.164331    0.980228    0.604185
7.84
   0.993626 -0.00961057    -0.11232 -0.00568508
-0.00848774    0.987153   -0.159551  0.00566946
    0.11241    0.159487    0.980779    0.608476
7.86
   0.993431  -0.0100083   -0.113992 -0.00576031
-0.00830049    0.987241   -0.159017  0.00505641
   0.114129    0.158918    0.980673    0.610691
7.88
   0.993241  -0.0109886   -0.115546 -0.00586862
-0.00721737    0.987735   -0.155976  0.00450217
   0.115843    0.155756    0.980979    0.612887
7.9
   0.993106  -0.0119756   -0.116609 -0.00598202
-0.00582076    0.988503    -0.15109  0.00363439
   0.117078    0.150727    0.981618    0.615086
7.94
   0.993069   -0.012337   -0.116888 -0.00623873
-0.00482247    0.989362   -0.145394  0.00191803
   0.117438     0.14495    0.982445    0.619369
7.96
   0.993085  -0.0122399   -0.116759 -0.00640095
-0.00469356    0.989615   -0.143664  0.00128329
   0.117304    0.143218    0.982715    0.621465
7.98
   0.992891   -0.013286   -0.118285  -0.0062943
-0.00292296     0.99073   -0.135817 -0.00179616
   0.118993    0.135197    0.983648    0.623849
8
   0.992717  -0.0128579   -0.119782 -0.00642615
-0.00313028    0.991199   -0.132342 -0.00285067
   0.120429    0.131753     0.98394    0.625985
8.02
   0.992527  -0.0117933   -0.121457 -0.00657466
-0.00423194    0.991394   -0.130846 -0.00363513
   0.121954    0.130382    0.983935    0.627871
8.04
    0.99235  -0.0103865   -0.123023 -0.00665133
-0.00585215    0.991378   -0.130905 -0.00437937
   0.123321    0.130624    0.983732    0.629745
8.06
   0.992234 -0.00942328    -0.12403 -0.00673584
-0.00705157    0.991261   -0.131724 -0.00491889
   0.124187    0.131576    0.983496    0.631626
8.08
   0.992056 -0.00890736   -0.125479 -0.00666123
-0.00730978    0.991722   -0.128192 -0.00724853
   0.125582    0.128091    0.983779    0.633986
8.1
   0.991971  -0.0084251   -0.126188 -0.00683566
-0.00769137    0.991913   -0.126688 -0.00762862
   0.126235    0.126641    0.983883    0.635818
8.12
   0.991809 -0.00783433    -0.12749 -0.00706439
-0.00803758    0.992311   -0.123506 -0.00800123
   0.127478    0.123519     0.98412     0.63763
8.14
   0.991523 -0.00733332   -0.129725   -0.007302
-0.00820225    0.992882   -0.118819 -0.00844516
   0.129673    0.118876    0.984405    0.639406
8.16
   0.991205 -0.00706123   -0.132145 -0.00749482
-0.00812418    0.993445   -0.114024 -0.00903365
   0.132084    0.114094     0.98465    0.641131
8.18
   0.991017 -0.00694743   -0.133554 -0.00763113
-0.00795653    0.993818   -0.110738  -0.0096457
   0.133498    0.110806    0.984835    0.642764
8.2
   0.991005 -0.00744225   -0.133621 -0.00775189
-0.00720815    0.994035   -0.108824  -0.0101931
   0.133633    0.108808    0.985039    0.644376
8.22
   0.991039  -0.0082915   -0.133312 -0.00774359
-0.00581589    0.994446   -0.105086  -0.0118282
   0.133443    0.104919    0.985487    0.646021
8.26
   0.991193 -0.00683207   -0.132252 -0.00805445
-0.00666435     0.99483    -0.10134  -0.0126819
    0.13226    0.101329    0.986022    0.649182
8.28
   0.991202 -0.00487838   -0.132267   -0.008168
-0.00826274    0.995091  -0.0986219  -0.0130933
   0.132099   0.0988472    0.986296    0.650758
8.3
   0.991213 -0.00293485   -0.132239 -0.00828743
-0.00976758      0.9954  -0.0953053  -0.0134986
   0.131911   0.0957596    0.986625    0.652336
8.32
   0.991189 -0.00152242   -0.132447 -0.00843171
 -0.0107341    0.995722  -0.0917756  -0.0139011
   0.132021   0.0923887    0.986932    0.653923
8.34
   0.991139  -0.0001983   -0.132832 -0.00859332
 -0.0116233    0.996034  -0.0882152  -0.0142887
   0.132323   0.0889774    0.987205    0.655488
8.36
    0.99108  0.00101326   -0.133263 -0.00877987
 -0.0124298    0.996315  -0.0848655  -0.0147042
   0.132686    0.085765    0.987441    0.657054
8.38
   0.99101 0.00152583   -0.13378  -0.008942
-0.0126417   0.996529 -0.0822806 -0.0151543
   0.13319  0.0832321   0.987589   0.658617
8.4
   0.990997 0.000931394   -0.133884 -0.00910328
 -0.0118166    0.996682  -0.0805312  -0.0156181
   0.133365   0.0813882    0.987719    0.660155
8.42
   0.990967 -0.00108829   -0.134102 -0.00911284
-0.00931761    0.996992  -0.0769451  -0.0170043
   0.133782   0.0774996    0.987976    0.661589
8.44
   0.991027 -0.00286619    -0.13363 -0.00927366
-0.00732051    0.997106  -0.0756767  -0.0173881
   0.133461   0.0759759    0.988138    0.663122
