4.76
  0.998362 0.00279612 -0.0571528 0.00704062
-0.0252248   0.918025   -0.39572   0.215619
 0.0513612   0.396513   0.916591   0.248918
4.78
  0.998246 0.00328101 -0.0591091 0.00816995
-0.0262836   0.919223  -0.392858   0.213298
 0.0530455   0.393723   0.917697   0.251012
4.8
  0.998208 0.00413833 -0.0596913 0.00818513
-0.0273186   0.919079  -0.393126   0.213141
 0.0532341   0.394052   0.917545   0.252925
4.82
   0.99812 0.00388955 -0.0611679  0.0089229
-0.0276505   0.919234   -0.39274   0.212337
    0.0547   0.393693   0.917613   0.254822
4.84
  0.998088 0.00389905 -0.0616868 0.00909843
-0.0278296   0.919474  -0.392164   0.211648
 0.0551904   0.393131   0.917825   0.256471
4.86
  0.998128 0.00324623 -0.0610717  0.0082858
-0.0266696   0.921744  -0.386881   0.208634
 0.0550365   0.387786   0.920105   0.258766
4.88
  0.998115 0.00197551 -0.0613474 0.00823518
-0.0256123   0.921712  -0.387029   0.207462
   0.05578    0.38787   0.920025   0.260683
4.9
    0.998082 -1.81092e-05   -0.0619115   0.00823592
  -0.0240567     0.921307    -0.388091     0.206318
   0.0570465     0.388836     0.919539     0.262627
4.92
   0.998048 -0.00183318  -0.0624303  0.00808354
 -0.0226647    0.920802    -0.38937    0.205229
  0.0581997    0.390025    0.918963      0.2645
4.94
   0.997998 -0.00385701  -0.0631302  0.00810115
 -0.0211462    0.920351   -0.390521    0.204136
  0.0596082    0.391074    0.918427    0.266402
4.96
   0.997981 -0.00528055  -0.0632901  0.00812015
 -0.0200167    0.919595   -0.392357    0.203273
  0.0602731    0.392831    0.917633     0.26848
4.98
   0.998015 -0.00590337  -0.0627017  0.00803073
 -0.0193353    0.918794   -0.394263    0.202303
  0.0599375    0.394692    0.916856    0.270473
5
   0.998053 -0.00600938  -0.0620846  0.00788774
 -0.0190784    0.918235   -0.395577    0.201138
  0.0593854    0.395991    0.916332    0.272579
5.02
    0.99812 -0.00579356  -0.0610139   0.0073542
  -0.018917    0.917792    -0.39661    0.200257
  0.0582959    0.397019    0.915957    0.274445
5.04
   0.998129 -0.00591105  -0.0608591  0.00732536
 -0.0187725    0.917624   -0.397006    0.199221
  0.0581925    0.397406    0.915796    0.276555
5.06
   0.998114 -0.00583821  -0.0611167  0.00720727
 -0.0189411    0.917628   -0.396989    0.198173
  0.0584001    0.397398    0.915786    0.278769
5.08
   0.998089 -0.00561564  -0.0615309  0.00688391
 -0.0192768    0.917852   -0.396455    0.197147
  0.0587026    0.396884     0.91599    0.281012
5.1
   0.998034 -0.00583933  -0.0624066  0.00665705
 -0.0193863    0.918073   -0.395937    0.196079
  0.0596059    0.396368    0.916155    0.283337
5.12
   0.997898 -0.00761373  -0.0643611  0.00695634
 -0.0184156    0.918831   -0.394222    0.194706
  0.0621385    0.394579    0.916759     0.28676
5.14
   0.997826 -0.00859075  -0.0653436  0.00682362
 -0.0179212    0.918742   -0.394452    0.193565
  0.0634225    0.394766     0.91659      0.2891
5.16
   0.997774 -0.00937095  -0.0660225  0.00648384
  -0.017436    0.918971   -0.393939    0.192485
  0.0643644    0.394213    0.916762    0.291486
5.18
   0.997716 -0.00983762  -0.0668286  0.00623502
 -0.0172874    0.919203   -0.393405    0.191539
  0.0652992    0.393661    0.916933    0.293995
5.2
    0.99766 -0.00954788  -0.0676974  0.00604924
 -0.0177919    0.919823   -0.391929    0.189919
  0.0660117    0.392217    0.917501    0.296196
5.22
   0.997623 -0.00884239  -0.0683425  0.00589026
 -0.0186016    0.920366   -0.390615    0.188411
  0.0663541    0.390958    0.918014     0.29856
5.24
   0.997628 -0.00774701  -0.0684043  0.00567034
 -0.0195124    0.921078    -0.38889     0.18665
  0.0660184    0.389302    0.918741    0.300766
5.26
   0.997647 -0.00642616  -0.0682621  0.00542546
  -0.020632    0.921316   -0.388267    0.185584
   0.065386    0.388762    0.919015    0.303393
5.28
   0.997649 -0.00478305  -0.0683604  0.00513329
  -0.022129    0.921631   -0.387435    0.184362
  0.0648562    0.388037    0.919359    0.305935
5.3
   0.997613 -0.00251619  -0.0690123  0.00482479
 -0.0243899    0.922097    -0.38619    0.182872
  0.0646077    0.386952    0.919834    0.308211
5.32
    0.997529 -0.000258551   -0.0702545   0.00460568
  -0.0268767      0.92252    -0.385012     0.181426
   0.0649107     0.385949     0.920234     0.310362
5.34
  0.997442 0.00107481 -0.0714763 0.00442297
-0.0285315   0.922777  -0.384278   0.179973
 0.0655436   0.385334   0.920447   0.312515
5.36
  0.997361 0.00104396 -0.0725944 0.00418219
-0.0288972   0.922989   -0.38374   0.178523
 0.0666032   0.384826   0.920583   0.314918
5.38
    0.99728 0.000434988  -0.0737111  0.00391656
 -0.0287152    0.923279   -0.383055    0.176948
  0.0678893     0.38413     0.92078    0.317311
5.4
   0.997068 -0.00138798   -0.076505  0.00473848
  -0.027854    0.924654   -0.379789     0.17465
  0.0712678    0.380806    0.921904    0.320337
5.42
   0.996876 -0.00275167  -0.0789372  0.00591744
 -0.0275279    0.924629   -0.379873    0.173072
  0.0740329    0.380859    0.921664    0.323345
5.44
   0.996908 -0.00354563  -0.0785004  0.00584599
 -0.0266629    0.924455   -0.380357    0.171682
  0.0739187    0.381274    0.921502    0.325711
5.46
   0.996958 -0.00470669  -0.0777927  0.00579941
 -0.0253498    0.924312   -0.380796    0.170219
   0.073697    0.381609    0.921381    0.328066
5.48
   0.997021 -0.00579241  -0.0769094  0.00572334
 -0.0240487    0.924115   -0.381356    0.168819
  0.0732821     0.38207    0.921223    0.330357
5.5
   0.99708 -0.0069876 -0.0760416 0.00564524
-0.0226535    0.92391  -0.381939    0.16752
 0.0729244   0.382547   0.921054    0.33261
5.52
   0.997128 -0.00808354  -0.0753069  0.00543596
 -0.0213795    0.923813   -0.382247    0.166446
  0.0726594    0.382759    0.920987    0.334897
5.54
   0.997142 -0.00886615  -0.0750305  0.00523721
 -0.0204983    0.924094   -0.381616     0.16527
  0.0727187    0.382063    0.921271    0.337135
5.56
   0.997132 -0.00912848  -0.0751258  0.00509892
  -0.020214    0.924505   -0.380633    0.164009
  0.0729288     0.38106     0.92167     0.33933
5.58
   0.997103 -0.00892863  -0.0755407  0.00496104
  -0.020477     0.92492   -0.379609    0.162806
  0.0732585    0.380056    0.922058     0.34153
5.6
   0.997054 -0.00853761  -0.0762234  0.00470327
 -0.0210229    0.925307   -0.378636    0.161585
  0.0737627    0.379123    0.922402     0.34368
5.62
   0.996979 -0.00847026  -0.0772051  0.00463907
  -0.021363    0.925788   -0.377438    0.160463
  0.0746726    0.377947    0.922811    0.345821
5.64
   0.996897 -0.00871758  -0.0782384  0.00444006
  -0.021384    0.926493   -0.375703    0.159326
  0.0757626     0.37621    0.923432    0.347859
5.66
   0.996787 -0.00927491  -0.0795645  0.00452235
 -0.0212125     0.92725   -0.373841    0.158067
  0.0772435    0.374328    0.924074    0.349956
5.68
  0.996698 -0.0103729 -0.0805274 0.00439167
-0.0204272   0.927867   -0.37235   0.156851
 0.0785811   0.372766   0.924592   0.351953
5.7
  0.996198 -0.0130818 -0.0861263 0.00691865
-0.0196255   0.929543  -0.368192   0.154053
 0.0848747   0.368483   0.925752   0.354474
5.72
  0.995818 -0.0136284 -0.0903404 0.00888306
-0.0203871   0.930732  -0.365132   0.151378
 0.0890589   0.365447   0.926562   0.356521
5.74
  0.995707 -0.0143817 -0.0914356 0.00892605
-0.0199608   0.931247  -0.363841   0.150092
 0.0903818   0.364104   0.926963   0.358557
5.76
  0.995599 -0.0147525 -0.0925454 0.00896726
-0.0198995   0.931731  -0.362603   0.148843
 0.0915767   0.362849   0.927337   0.360676
5.78
  0.995494 -0.0142602  -0.093741 0.00900726
-0.0206647   0.932233  -0.361267   0.147635
 0.0925402   0.361576   0.927739   0.362716
5.8
  0.995391  -0.013191 -0.0949855 0.00910023
-0.0219785   0.932749  -0.359856   0.146356
 0.0933445   0.360285    0.92816   0.364815
5.82
  0.995281 -0.0121326 -0.0962772 0.00920271
-0.0233211   0.933169  -0.358681   0.145155
 0.0941946   0.359233   0.928482   0.366941
5.84
  0.995168  -0.011567 -0.0975005 0.00924667
-0.0241745   0.933599  -0.357502   0.143925
 0.0951616   0.358132   0.928809   0.369062
5.86
  0.995034 -0.0111014 -0.0989172 0.00930735
-0.0249863   0.934085  -0.356175   0.142585
 0.0963511   0.356878   0.929169    0.37122
5.88
  0.994847 -0.0102312  -0.100872 0.00930164
-0.0264154   0.934382  -0.355293   0.141121
 0.0978878   0.356127   0.929296    0.37341
5.9
    0.99459 -0.00930027   -0.103459  0.00945665
 -0.0282167    0.934346   -0.355249    0.139711
  0.0999704    0.356247    0.929029     0.37563
5.92
   0.994104 -0.00901768   -0.108052   0.0110073
 -0.0301006    0.934413   -0.354917    0.137411
   0.104165    0.356077    0.928633    0.378459
5.94
  0.993897 -0.0084825  -0.109983  0.0110928
-0.0313397    0.93424  -0.355265   0.136034
  0.105764   0.356543   0.928273   0.380704
5.96
   0.993683 -0.00838332   -0.111906   0.0112521
 -0.0321787    0.934043   -0.355707    0.134674
   0.107507    0.357061    0.927874    0.383034
5.98
   0.993493 -0.00856023   -0.113569   0.0113206
 -0.0326475    0.933918   -0.355993    0.133377
   0.109111    0.357384    0.927562     0.38534
6
   0.993305 -0.00859981   -0.115197    0.011429
 -0.0331986    0.933904    -0.35598    0.132006
   0.110644    0.357421    0.927366    0.387693
6.02
   0.993109 -0.00864372   -0.116871   0.0115999
 -0.0337522    0.933922    -0.35588    0.130621
   0.112225    0.357373    0.927195    0.390026
6.04
    0.99293 -0.00896333   -0.118366   0.0118072
 -0.0339521    0.934043   -0.355544     0.12937
   0.113745    0.357049    0.927134    0.392443
6.06
    0.99279 -0.00957522   -0.119484   0.0118906
 -0.0336325    0.934511   -0.354342    0.127934
   0.115052    0.355806    0.927451    0.394875
6.08
  0.992622 -0.0102038  -0.120816  0.0120286
-0.0333775   0.934955  -0.353193   0.126485
  0.116561    0.35462   0.927716   0.397337
6.1
  0.992468 -0.0114089  -0.121973  0.0121795
-0.0325044   0.935443  -0.351979   0.125255
  0.118115   0.353292   0.928027   0.399729
6.12
  0.992286 -0.0123145  -0.123358  0.0124736
  -0.03197   0.935979    -0.3506   0.123648
  0.119778   0.351839   0.928365   0.402171
6.14
  0.992188 -0.0135068  -0.124021  0.0129356
-0.0309044   0.936526  -0.349234   0.122024
  0.120866   0.350338   0.928792   0.404438
6.16
  0.992244 -0.0148723  -0.123415  0.0131215
-0.0292562   0.936989  -0.348131    0.12048
  0.120816   0.349041   0.929287     0.4068
6.18
  0.992315 -0.0149444  -0.122835  0.0131718
-0.0288301   0.937439  -0.346954   0.118965
  0.120335   0.347829   0.929803   0.409112
6.2
  0.992357 -0.0142197  -0.122575  0.0131438
-0.0292928   0.937798  -0.345943   0.117518
   0.11987    0.34689   0.930214   0.411453
6.22
  0.992332 -0.0133756  -0.122875  0.0131205
-0.0300596   0.938164  -0.344884   0.116134
   0.11989   0.345933   0.930568   0.413805
6.24
  0.992277 -0.0125805    -0.1234  0.0131252
-0.0308431   0.938573    -0.3437   0.114756
  0.120144   0.344851   0.930937    0.41616
6.26
  0.992276 -0.0116966  -0.123494  0.0128258
-0.0315832   0.938914  -0.342701   0.113508
  0.119958   0.343954   0.931292   0.418363
6.28
  0.992197 -0.0103354  -0.124254  0.0127995
-0.0329994   0.939254  -0.341633   0.112221
  0.120237   0.343067   0.931583   0.420618
6.3
   0.992111 -0.00836128   -0.125085   0.0127673
  -0.035011    0.939594   -0.340495    0.110914
   0.120377    0.342188    0.931889    0.422794
6.32
   0.991984 -0.00651595   -0.126199   0.0127341
 -0.0370124    0.939891   -0.339463    0.109684
   0.120825    0.341413    0.932115    0.424971
6.34
   0.991844 -0.00535766   -0.127346   0.0126859
 -0.0383477    0.940281   -0.338233    0.108444
   0.121553    0.340358    0.932406    0.427126
6.36
   0.991696 -0.00454262   -0.128524   0.0125523
  -0.039387    0.940624   -0.337158     0.10725
   0.122424     0.33942    0.932634    0.429187
6.38
   0.991546 -0.00391486   -0.129694   0.0123498
 -0.0402528    0.940949   -0.336147    0.106089
   0.123351    0.338526    0.932837    0.431224
6.4
   0.991384 -0.00335026   -0.130947   0.0121804
 -0.0410834    0.941279   -0.335121    0.105027
    0.12438    0.337613    0.933031    0.433263
6.42
   0.991238 -0.00246782   -0.132063   0.0118789
 -0.0420897    0.941804   -0.333517    0.104045
     0.1252    0.336153    0.933448    0.435262
6.44
   0.991094 -0.00160309   -0.133155   0.0116452
 -0.0429541     0.94263   -0.331063    0.102752
   0.126047    0.333834    0.934166    0.437422
6.46
   0.990943 -0.00160487   -0.134271   0.0114036
  -0.043062    0.943319   -0.329081    0.101497
   0.127188    0.331883    0.934707    0.439502
6.48
   0.990794 -0.00206647   -0.135365   0.0112086
 -0.0427833    0.943862   -0.327558    0.100261
   0.128443    0.330334    0.935084    0.441537
6.5
   0.990642 -0.00201978   -0.136473   0.0109228
 -0.0430182    0.944308    -0.32624   0.0990189
   0.129531    0.329058    0.935384     0.44343
6.52
   0.990468 -0.00116632    -0.13774   0.0107493
 -0.0441041    0.944636   -0.325144   0.0977327
   0.130494    0.328119     0.93558    0.445344
6.54
   0.990317 -0.00019904   -0.138824   0.0105082
 -0.0452307    0.944971   -0.324013   0.0963587
   0.131249    0.327155    0.935812    0.447251
6.56
   0.990145 0.000213044   -0.140044   0.0102404
 -0.0460139    0.944975   -0.323891   0.0948875
    0.13227    0.327143    0.935672    0.449052
6.58
    0.989962 -4.10639e-05    -0.141333    0.0100487
   -0.046332     0.944645    -0.324806    0.0936448
    0.133523     0.328094     0.935161     0.450976
6.6
     0.98983 -0.000626519    -0.142251   0.00971781
  -0.0462224     0.944312    -0.325789    0.0924229
    0.134534     0.329051      0.93468     0.452877
6.62
   0.989661 -0.00126647   -0.143419  0.00937271
 -0.0461614    0.943941   -0.326871   0.0912043
   0.135794    0.330112    0.934123     0.45502
6.64
   0.989482 -0.00151374   -0.144647    0.009123
  -0.046502     0.94354   -0.327979   0.0900017
   0.136977    0.331256    0.933545    0.457077
6.66
    0.98931 -0.00162699   -0.145821  0.00887988
 -0.0469632    0.943113    -0.32914   0.0888033
   0.138061     0.33247    0.932954    0.459159
6.68
  0.989122 -0.0018444  -0.147086 0.00866337
-0.0474039   0.942579  -0.330601  0.0876399
   0.13925   0.333977   0.932239   0.461284
6.7
  0.988963 -0.0021706  -0.148147 0.00840596
 -0.047674   0.942056  -0.332052  0.0865334
  0.140284    0.33545   0.931555   0.463422
6.72
   0.988817 -0.00245922   -0.149115  0.00817116
 -0.0479421     0.94155   -0.333444   0.0854287
   0.141219    0.336864    0.930903    0.465602
6.74
   0.988713 -0.00275054   -0.149797  0.00796686
 -0.0480929    0.941093    -0.33471   0.0841891
   0.141894    0.338136    0.930339    0.467909
6.76
   0.988667 -0.00285198   -0.150099  0.00782103
 -0.0483245    0.940559   -0.336174   0.0831086
   0.142136    0.339618    0.929762    0.470117
6.78
   0.988724 -0.00314206   -0.149715  0.00766525
 -0.0480741      0.9402   -0.337215   0.0820201
   0.141822     0.34061    0.929447    0.472306
6.8
   0.988849 -0.00431941   -0.148861  0.00748314
 -0.0467376    0.940077   -0.337745   0.0809461
     0.1414    0.340936    0.929392    0.474532
6.82
   0.989009 -0.00614129   -0.147729   0.0072357
  -0.044614    0.940173   -0.337764   0.0797468
   0.140965    0.340642    0.929565    0.476828
6.84
   0.989179 -0.00823875   -0.146485  0.00698231
  -0.042163    0.940344   -0.337604   0.0785094
   0.140528    0.340127     0.92982    0.479107
6.86
  0.989354 -0.0104025  -0.145157 0.00671195
-0.0395949   0.940574  -0.337274  0.0772531
  0.140039   0.339431   0.930148   0.481395
6.88
  0.989562 -0.0119451  -0.143611  0.0065387
-0.0374981   0.940886  -0.336642  0.0759719
  0.139143   0.338514   0.930617   0.483707
6.9
  0.989889 -0.0132962  -0.141219 0.00613702
-0.0352065    0.94141  -0.335421  0.0748087
  0.137405   0.337001   0.931424   0.485944
6.92
  0.990207  -0.014277  -0.138874 0.00581019
-0.0330799   0.942433  -0.332755  0.0736089
   0.13563    0.33409   0.932732   0.488439
6.94
  0.990502 -0.0141143   -0.13677 0.00496655
 -0.031986   0.943773  -0.329042  0.0722841
  0.133724   0.330291   0.934358   0.490784
6.96
  0.990533 -0.0133704  -0.136625 0.00438447
-0.0321652   0.944936   -0.32567  0.0706214
  0.133457   0.326982    0.93556   0.492814
6.98
   0.99035 -0.0119812  -0.138073 0.00395809
-0.0338062   0.945279  -0.324506  0.0688635
  0.134406   0.326042   0.935752   0.495035
7
  0.990127 -0.0106842  -0.139767 0.00377641
-0.0357053   0.944979  -0.325177  0.0672265
  0.135551   0.326957   0.935267   0.497251
7.02
  0.990088 -0.0102429  -0.140075 0.00365246
-0.0364085   0.944526  -0.326413  0.0656821
  0.135648   0.328277   0.934791   0.499534
7.04
  0.990304 -0.0100198  -0.138554 0.00354389
-0.0363247   0.944015  -0.327897  0.0640159
  0.134082   0.329751   0.934498   0.501753
7.06
    0.99069 -0.00984646   -0.135783  0.00327172
 -0.0359038    0.943174   -0.330353   0.0624431
    0.13132    0.332153    0.934039     0.50401
7.08
   0.991127 -0.00936314   -0.132589  0.00266527
    -0.0357    0.942112   -0.333393   0.0612072
   0.128035    0.335168    0.933418    0.506183
7.1
   0.991413 -0.00914835   -0.130449  0.00209291
 -0.0354854      0.9413   -0.335702   0.0599534
   0.125863    0.337448    0.932892    0.508339
7.12
  0.991535 -0.0100362  -0.129449 0.00161494
-0.0344733   0.940874  -0.336999  0.0587791
  0.125178   0.338609   0.932563   0.510514
7.14
  0.991587 -0.0117291  -0.128912 0.00121726
-0.0327516   0.940749   -0.33752   0.057571
  0.125232   0.338902    0.93245   0.512702
7.16
    0.99165  -0.0133617   -0.128265 0.000825835
 -0.0309984    0.940758   -0.337658   0.0564729
   0.125178    0.338815    0.932489    0.514886
7.18
   0.991719  -0.0141457   -0.127643 0.000386752
 -0.0298963    0.941179   -0.336583   0.0556377
   0.124896    0.337612    0.932963    0.517101
7.2
    0.991789   -0.0135587    -0.127161 -2.35027e-05
  -0.0298509     0.942348    -0.333301     0.054824
    0.124349      0.33436     0.934206     0.519325
7.22
    0.991923   -0.0121495    -0.126259 -0.000441798
  -0.0302354     0.944061    -0.328381    0.0539082
    0.123186     0.329546     0.936069     0.521351
7.24
    0.992048   -0.0104912    -0.125424 -0.000664612
  -0.0308562     0.945837    -0.323173     0.052654
    0.122021     0.324473     0.937991     0.523352
7.26
    0.992204  -0.00894372    -0.124301 -0.000856428
  -0.0314264      0.94723    -0.319009    0.0515475
    0.120595     0.320429     0.939565     0.525381
7.28
   0.992364 -0.00818151   -0.123073 -0.00113752
   -0.03128    0.948486   -0.315271   0.0505356
   0.119312    0.316713    0.940987    0.527345
7.3
    0.99243  -0.0081074   -0.122544 -0.00150007
   -0.03069    0.949789   -0.311382    0.049512
   0.118916    0.312786     0.94235    0.529234
7.32
   0.992374 -0.00784899    -0.12301  -0.0018067
 -0.0306277    0.950969   -0.307767   0.0483652
   0.119394    0.309187    0.943477    0.531095
7.34
   0.992295 -0.00689188   -0.123706 -0.00201701
 -0.0314089    0.951844   -0.304971    0.047231
   0.119851    0.306507    0.944293    0.532949
7.36
   0.992302 -0.00567072   -0.123714 -0.00217195
 -0.0323105      0.9525    -0.30282   0.0460728
   0.119555    0.304486    0.944984    0.534825
7.38
   0.992442 -0.00480138   -0.122624 -0.00256672
 -0.0326392    0.952916   -0.301472   0.0449771
   0.118298    0.303196    0.945557    0.536768
7.4
   0.992528 -0.00431288   -0.121944  -0.0028533
 -0.0327817    0.953209   -0.300529   0.0441574
   0.117534    0.302281    0.945945    0.538624
7.42
    0.99257 -0.00379192   -0.121612 -0.00314583
 -0.0327531    0.954291   -0.297079   0.0432068
    0.11718    0.298855    0.947077    0.540529
7.44
   0.992563 -0.00326497   -0.121686 -0.00337605
 -0.0328311    0.955416   -0.293431    0.042012
   0.117219    0.295244    0.948204    0.542419
7.46
   0.992575 -0.00269508   -0.121603 -0.00351288
 -0.0329951    0.956302   -0.290513   0.0407859
   0.117072    0.292369    0.949113    0.544319
7.48
   0.992637 -0.00233263   -0.121105 -0.00366555
 -0.0329359    0.956946    -0.28839   0.0396297
   0.116564    0.290256    0.949823    0.546213
7.5
   0.992709 -0.00211196   -0.120513 -0.00382872
 -0.0327779    0.957435   -0.286781   0.0383188
   0.115989    0.288641    0.950386    0.548041
7.52
   0.992787 -0.00232118    -0.11987 -0.00402318
 -0.0323236    0.957609   -0.286253   0.0372422
   0.115453    0.288063    0.950626    0.549966
7.54
   0.992852 -0.00244042   -0.119328 -0.00417257
 -0.0319994    0.957745   -0.285834   0.0361875
   0.114983     0.28761     0.95082    0.551935
7.56
   0.992906 -0.00246521   -0.118876 -0.00430675
 -0.0317949    0.957872    -0.28543   0.0350818
   0.114572    0.287184    0.950999    0.553907
7.58
   0.992951 -0.00272007   -0.118496 -0.00442952
 -0.0314168    0.957938   -0.285249   0.0340062
   0.114288    0.286961      0.9511    0.555889
7.6
   0.992995 -0.00303015   -0.118119 -0.00456911
 -0.0309921    0.957991   -0.285118   0.0329563
   0.114021    0.286781    0.951186    0.557898
7.62
   0.993028 -0.00301497   -0.117839 -0.00477364
 -0.0309057    0.958043   -0.284954   0.0319631
   0.113754    0.286609     0.95127    0.559892
7.64
   0.992964 -0.00261258   -0.118388 -0.00490966
 -0.0314032    0.958152   -0.284534   0.0308792
   0.114177    0.286249    0.951328    0.561844
7.66
   0.992874 -0.00249399   -0.119145 -0.00501302
  -0.031682    0.958278   -0.284075   0.0296318
   0.114883    0.285825     0.95137    0.563797
7.68
   0.992792 -0.00293999   -0.119815 -0.00514028
 -0.0314597    0.958252   -0.284189   0.0285354
   0.115649     0.28591    0.951252    0.565829
7.7
   0.992708 -0.00397809   -0.120482 -0.00527225
  -0.030666    0.958241   -0.284311   0.0274837
   0.116582    0.285933    0.951132    0.567869
7.72
   0.992623 -0.00482082   -0.121143 -0.00540795
 -0.0300517    0.958243   -0.284371   0.0263984
   0.117455    0.285914     0.95103    0.569938
7.74
    0.99254 -0.00513137   -0.121813 -0.00550778
 -0.0299802    0.958164   -0.284644   0.0253229
   0.118177    0.286172    0.950862    0.572055
7.76
   0.992509 -0.00511159   -0.122062 -0.00559382
  -0.030099    0.958095   -0.284864   0.0242703
   0.118403    0.286404    0.950765    0.574205
7.78
   0.992509 -0.00473885    -0.12208 -0.00570142
 -0.0304324    0.958161   -0.284609   0.0237572
   0.118321    0.286192    0.950839    0.576366
7.8
   0.992483 -0.00323776    -0.12234 -0.00582907
 -0.0313939    0.959465   -0.280075   0.0227969
   0.118288    0.281811    0.952151    0.578466
7.82
    0.99237 -0.00119578   -0.123289 -0.00600109
 -0.0331665    0.960505   -0.276278   0.0213326
    0.11875    0.278259    0.953137     0.58048
7.84
    0.992161 -3.77677e-05     -0.12497  -0.00611161
  -0.0346391     0.960735    -0.275297    0.0200253
    0.120073     0.277468     0.953202      0.58255
7.86
    0.991936 -0.000401942     -0.12674  -0.00617785
  -0.0347018      0.96092    -0.274642    0.0191129
    0.121898     0.276826     0.953157     0.584586
7.88
   0.991724 -0.00137954   -0.128379 -0.00627077
 -0.0338319    0.961791   -0.271686   0.0183125
   0.123848    0.273781    0.953785    0.586617
7.9
   0.991571 -0.00217019   -0.129547 -0.00636933
   -0.03275    0.963193    -0.26681   0.0171756
   0.125357    0.268803    0.955003    0.588623
7.92
   0.991502 -0.00252232   -0.130066 -0.00645252
 -0.0319828    0.964399    -0.26251   0.0158106
   0.126097     0.26444    0.956123    0.590573
7.94
     0.9915 -0.00235199   -0.130085  -0.0065806
 -0.0318458    0.965036   -0.260175   0.0146325
   0.126149    0.262106    0.956758    0.592496
7.96
   0.991495 -0.00242973   -0.130125 -0.00670657
 -0.0315434    0.965529   -0.258376   0.0137362
   0.126267    0.260283    0.957241    0.594458
7.98
   0.991457 -0.00254947   -0.130409 -0.00692356
 -0.0311214    0.966309   -0.255497   0.0128229
   0.126667    0.257373    0.957974    0.596285
8
   0.991296 -0.00216365   -0.131632   -0.007138
 -0.0314091    0.967104   -0.252434   0.0117868
   0.127848    0.254371    0.958619    0.598067
8.02
    0.991064 -0.000992275    -0.133384  -0.00728514
  -0.0327702     0.967514    -0.250685    0.0107313
      0.1293     0.252816     0.958836     0.599819
8.04
   0.990842 0.000393098   -0.135025  -0.0073777
 -0.0345257     0.96749   -0.250541  0.00974057
   0.130537    0.252908    0.958644    0.601577
8.06
   0.990689  0.00139021   -0.136135 -0.00744789
  -0.035865    0.967291   -0.251121  0.00892784
   0.131333    0.253665    0.958335    0.603275
8.08
   0.990596  0.00193842   -0.136803 -0.00754936
 -0.0365565    0.967296   -0.251001  0.00823376
   0.131843    0.253641    0.958271    0.604955
8.1
   0.990492  0.00243596   -0.137549 -0.00768895
 -0.0370185    0.967684   -0.249434   0.0076086
   0.132496    0.252154    0.958574    0.606547
8.12
   0.990317  0.00311347   -0.138788 -0.00791868
 -0.0375511    0.968487   -0.246218  0.00702947
   0.133648    0.249046    0.959226    0.608111
8.14
   0.990009  0.00366727   -0.140955 -0.00817873
 -0.0380043    0.969607   -0.241699  0.00643632
   0.135785    0.244641    0.960059    0.609702
8.16
   0.989657   0.0041125   -0.143396 -0.00836785
 -0.0383416    0.970808   -0.236774  0.00560176
   0.138236    0.239823    0.960924     0.61131
8.18
   0.989434  0.00420784   -0.144924 -0.00848237
 -0.0383055    0.971648   -0.233309  0.00472627
   0.139834    0.236395    0.961542    0.612895
8.2
   0.989415  0.00376983   -0.145067 -0.00859665
 -0.0376218    0.972147   -0.231333  0.00395575
   0.140154    0.234342    0.961998    0.614419
8.22
   0.989506  0.00320014   -0.144455 -0.00872175
 -0.0366881    0.972554   -0.229766   0.0032583
   0.139755    0.232654    0.962466     0.61588
8.24
   0.989609   0.0034394   -0.143745 -0.00886722
 -0.0365136    0.972954   -0.228096  0.00261529
   0.139073    0.230975    0.962969     0.61732
8.26
   0.989642  0.00503122   -0.143469 -0.00900964
 -0.0376514    0.973497   -0.225578  0.00184535
   0.138532    0.228643    0.963603    0.618696
8.28
   0.989625  0.00686815   -0.143507 -0.00912111
 -0.0391005    0.974029   -0.223021  0.00125377
   0.138248    0.226319    0.964193    0.620235
8.3
   0.989613  0.00883919   -0.143483 -0.00924439
 -0.0405654    0.974716   -0.219735 0.000657468
   0.137913    0.223274     0.96495    0.621678
8.32
   0.989575   0.0103859   -0.143642 -0.00940992
 -0.0416221    0.975459   -0.216212  6.1994e-05
   0.137872    0.219936    0.965722     0.62313
8.34
    0.989499    0.0117335     -0.14406  -0.00956114
  -0.0425359     0.976201    -0.212654 -0.000519998
    0.138137     0.216548      0.96645      0.62457
8.36
   0.989424    0.013005   -0.144466 -0.00976951
 -0.0434009    0.976887   -0.209306 -0.00113871
   0.138405    0.213362     0.96712    0.626043
8.38
   0.989341   0.0135296   -0.144987 -0.00994713
 -0.0436607    0.977426   -0.206717  -0.0017792
   0.138917    0.210843    0.967599    0.627514
8.4
   0.989325   0.0130529   -0.145142  -0.0101185
 -0.0429296    0.977888   -0.204675 -0.00256236
   0.139261    0.208721    0.968009    0.628974
8.42
   0.989361   0.0115207   -0.145024  -0.0102777
 -0.0412213    0.978206   -0.203504 -0.00314442
   0.139519    0.207317    0.968274    0.630368
8.44
    0.98944  0.00973269   -0.144617  -0.0104281
  -0.039191    0.978543   -0.202281 -0.00370567
   0.139546    0.205812    0.968591    0.631786
