6.7
    0.926507   -0.0299251    -0.375086     0.107924
   0.0313675     0.999505   -0.0022612 -0.000663341
    0.374968  -0.00967048     0.926987     0.011191
6.72
    0.925281   -0.0300975    -0.378086     0.107634
   0.0315713     0.999499  -0.00230142 -0.000659142
    0.377965  -0.00980719     0.925768    0.0114243
6.76
    0.922341   -0.0306823    -0.385156     0.107622
   0.0322613     0.999477  -0.00236363 -0.000673582
    0.385027   -0.0102455     0.922849     0.011619
6.78
    0.920867   -0.0309789    -0.388645     0.107617
   0.0325963     0.999466  -0.00243281 -0.000681118
    0.388513   -0.0104281     0.921384    0.0117075
6.8
   0.91937 -0.0311805  -0.392157   0.107617
  0.032836   0.999458 -0.0024868 -0.0006902
  0.392022 -0.0105906   0.919895  0.0117657
6.82
     0.91787   -0.0313423    -0.395641     0.107604
   0.0330263     0.999451  -0.00255587 -0.000699419
    0.395504   -0.0107206     0.918402    0.0118772
6.84
     0.91634   -0.0314842    -0.399161     0.107593
   0.0331988     0.999445  -0.00261891 -0.000710077
    0.399022   -0.0108518     0.916877    0.0120261
6.86
    0.914816   -0.0316896    -0.402626     0.107584
   0.0334362     0.999437  -0.00269171 -0.000716481
    0.402484   -0.0109998     0.915361    0.0120699
6.88
      0.9133   -0.0318805    -0.406039     0.107574
   0.0336651     0.999429   -0.0027485 -0.000726953
    0.405895   -0.0111591     0.913852    0.0121727
6.9
   0.911779  -0.0321658   -0.409419    0.107562
  0.0339821    0.999418 -0.00284047  -0.0007281
   0.409272   -0.011323    0.912342   0.0122051
6.94
    0.908679   -0.0324877    -0.416229     0.107545
   0.0343383     0.999406  -0.00304139 -0.000747222
    0.416081    -0.011529     0.909255    0.0124443
6.96
    0.907037   -0.0326639    -0.419782     0.107525
   0.0345217     0.999399  -0.00317275 -0.000749208
    0.419633   -0.0116138      0.90762    0.0125349
6.98
    0.905287   -0.0328251    -0.423531     0.107518
   0.0347044     0.999392  -0.00327651 -0.000753259
    0.423381   -0.0117322     0.905876    0.0125957
7
   0.903426  -0.0329914   -0.427473    0.107504
  0.0348875    0.999385 -0.00339881 -0.00076389
   0.427323  -0.0118429    0.904022   0.0127381
7.02
    0.901439   -0.0331833    -0.431633     0.107498
   0.0351111     0.999377  -0.00350328 -0.000771277
    0.431481   -0.0119971     0.902042    0.0128481
7.04
    0.899354   -0.0334523    -0.435939     0.107499
    0.035415     0.999366   -0.0036256 -0.000773416
    0.435784   -0.0121781     0.899969    0.0129268
7.06
    0.897393   -0.0338941    -0.439929     0.107372
    0.035812     0.999351  -0.00394308 -0.000550582
    0.439777   -0.0122162     0.898024    0.0130201
7.08
     0.89531   -0.0342955    -0.444121     0.107228
   0.0363337     0.999332  -0.00392373 -0.000706518
    0.443958   -0.0126236     0.895958    0.0135117
7.1
    0.893274    -0.034751    -0.448166     0.107198
   0.0368703     0.999312  -0.00399804 -0.000705449
    0.447997   -0.0129527     0.893941    0.0136145
7.12
    0.891305   -0.0352479    -0.452031     0.107177
   0.0374491      0.99929  -0.00407998 -0.000692678
    0.451854   -0.0132917     0.891993    0.0136737
7.14
    0.889419   -0.0356327    -0.455701      0.10714
   0.0379197     0.999272  -0.00412612 -0.000696498
    0.455516   -0.0136102     0.890123    0.0137827
7.16
     0.88768   -0.0358312    -0.459064     0.107093
   0.0381923     0.999262  -0.00414363 -0.000693161
    0.458874   -0.0138545     0.888393    0.0138478
7.18
   0.886082  -0.0360444   -0.462126    0.107063
  0.0384857    0.999251 -0.00414603 -0.00066668
   0.461929  -0.0141115    0.886805    0.013854
7.2
    0.884667   -0.0362648    -0.464811     0.107037
   0.0388228     0.999238  -0.00407026 -0.000655976
    0.464604   -0.0144444     0.885401    0.0138812
7.22
    0.883466   -0.0366176    -0.467062     0.106983
   0.0392935      0.99922  -0.00401353 -0.000644843
    0.466845   -0.0148067     0.884215    0.0138696
7.24
    0.882397   -0.0370651    -0.469043     0.106963
   0.0398922     0.999196  -0.00391122 -0.000640629
    0.468811   -0.0152599     0.883167    0.0139143
7.26
    0.881434   -0.0375727    -0.470811     0.106947
   0.0405817     0.999169   -0.0037625 -0.000647557
    0.470561   -0.0157899     0.882226    0.0139242
7.28
    0.880481   -0.0380642    -0.472551     0.106924
   0.0412839     0.999141  -0.00355898 -0.000641731
     0.47228   -0.0163751     0.881296    0.0140148
7.3
    0.879441   -0.0386313    -0.474438     0.106914
   0.0421057     0.999108  -0.00330357 -0.000653861
    0.474143   -0.0170713     0.880283    0.0140994
7.32
    0.878324    -0.039189    -0.476458       0.1069
   0.0429509     0.999073  -0.00299696 -0.000660969
    0.476133    -0.017832     0.879192    0.0141967
7.34
    0.877154   -0.0396776    -0.478567     0.106889
   0.0437617     0.999039  -0.00261978 -0.000666081
     0.47821   -0.0186449     0.878047    0.0143358
7.36
    0.875869   -0.0401842    -0.480873     0.106869
   0.0445689     0.999004  -0.00230336 -0.000665391
    0.480486   -0.0194145     0.876788    0.0145188
7.4
    0.872748    -0.040987    -0.486448     0.106844
   0.0458695     0.998946  -0.00187325 -0.000683758
    0.486012   -0.0206783     0.873708    0.0149949
7.42
     0.87106   -0.0411918    -0.489446     0.106806
   0.0461867     0.998931  -0.00187227 -0.000679392
       0.489    -0.020975     0.872031    0.0151712
7.44
    0.869415   -0.0411156    -0.492369     0.106765
   0.0461348     0.998933  -0.00195257 -0.000669248
    0.491924   -0.0210178     0.870384    0.0153173
7.46
    0.867788    -0.040716    -0.495263     0.106813
   0.0457321     0.998952  -0.00199402 -0.000604257
    0.494825    -0.020919     0.868741    0.0153913
7.48
    0.866512   -0.0404924    -0.497511     0.106795
   0.0455169     0.998962  -0.00202876 -0.000583179
    0.497077   -0.0208872     0.867455    0.0153999
7.5
   0.865491  -0.0403448   -0.499298    0.106782
  0.0454124    0.998966 -0.00200108  -0.0005629
   0.498862  -0.0209424    0.866428   0.0154087
7.52
    0.864691   -0.0403229    -0.500683     0.106779
   0.0455009     0.998963  -0.00187112 -0.000562148
    0.500239   -0.0211635     0.865629    0.0153674
7.54
    0.864066   -0.0403387    -0.501759     0.106771
   0.0456435     0.998956  -0.00170919 -0.000552625
    0.501305   -0.0214252     0.865006    0.0153983
7.58
    0.862929   -0.0405893    -0.503692     0.106751
   0.0460872     0.998936  -0.00154079 -0.000540627
    0.503218   -0.0218842     0.863882    0.0155183
7.6
    0.862253   -0.0408439    -0.504829     0.106735
   0.0464349      0.99892  -0.00150763 -0.000544303
    0.504345   -0.0221417     0.863218    0.0156028
7.62
    0.861383   -0.0411667    -0.506286     0.106721
    0.046886     0.998899  -0.00145105 -0.000554909
    0.505788   -0.0224878     0.862365    0.0157024
7.64
    0.860289   -0.0414922    -0.508116       0.1067
   0.0473149     0.998879  -0.00145877 -0.000572956
    0.507607   -0.0227865     0.861288    0.0158145
7.66
    0.858967   -0.0416409    -0.510335     0.106682
   0.0475941     0.998866  -0.00139508 -0.000584457
    0.509814   -0.0230906     0.859975       0.0159
7.68
    0.857405   -0.0416515    -0.512954     0.106654
   0.0477111      0.99886  -0.00135744 -0.000599592
    0.512426   -0.0233097     0.858415    0.0161055
7.7
    0.855821   -0.0414768    -0.515606     0.106607
   0.0475658     0.998867  -0.00140015 -0.000579535
     0.51508    -0.023327     0.856825    0.0162857
7.72
    0.854222   -0.0413571    -0.518261     0.106559
   0.0474343     0.998873  -0.00152632 -0.000571934
    0.517741   -0.0232796     0.855221    0.0165184
7.74
    0.852615   -0.0412492     -0.52091     0.106504
    0.047278      0.99888  -0.00171446 -0.000561011
    0.520397   -0.0231658      0.85361    0.0168022
7.76
    0.850893   -0.0411702    -0.523723      0.10645
   0.0471353     0.998887  -0.00194238 -0.000562684
     0.52322   -0.0230331     0.851887    0.0170501
7.78
   0.849246  -0.0410475     -0.5264    0.106411
  0.0470407    0.998891 -0.00199997 -0.00055952
   0.525898  -0.0230638    0.850235   0.0171932
7.84
   0.844262  -0.0414507   -0.534325    0.106321
  0.0476926     0.99886 -0.00213061 -0.00055057
   0.533804  -0.0236845    0.845277   0.0175989
7.86
    0.842632   -0.0417574    -0.536868     0.106304
   0.0480748     0.998841  -0.00223451 -0.000539724
     0.53634    -0.023927     0.843663    0.0176562
7.88
    0.841013   -0.0421814    -0.539368       0.1063
   0.0485851     0.998816  -0.00235608 -0.000549347
    0.538829   -0.0242237     0.842067    0.0176367
7.9
    0.839382   -0.0426744    -0.541864     0.106319
   0.0492702     0.998783  -0.00233624 -0.000564154
    0.541304   -0.0247368     0.840463    0.0174488
7.92
    0.837757   -0.0433222    -0.544323     0.106455
   0.0502508     0.998734  -0.00214855 -0.000645517
    0.543727   -0.0255527     0.838873    0.0171591
7.94
    0.836041    -0.044005    -0.546899     0.106426
   0.0511425     0.998689  -0.00217603 -0.000641933
    0.546278   -0.0261505     0.837196    0.0172916
7.96
    0.834324   -0.0447077    -0.549459     0.106394
   0.0520139     0.998644  -0.00227622 -0.000632229
    0.548815   -0.0266804     0.835518    0.0174435
7.98
    0.832547   -0.0453884    -0.552092     0.106351
   0.0527766     0.998603  -0.00251043 -0.000620546
    0.551435   -0.0270475     0.833779    0.0176856
8
    0.830776    -0.045898    -0.554711     0.106294
   0.0533482     0.998572  -0.00272601 -0.000614759
    0.554044   -0.0273281     0.832038    0.0179246
8.02
       0.829   -0.0461063    -0.557345     0.106236
    0.053671     0.998555  -0.00277471 -0.000619313
    0.556667    -0.027613     0.830276    0.0182019
8.04
   0.827132  -0.0460845   -0.560115    0.106183
  0.0537321    0.998551 -0.00281054 -0.00060648
   0.559433  -0.0277714     0.82841   0.0184906
8.06
    0.825293   -0.0459767    -0.562831     0.106115
   0.0536233     0.998557  -0.00294123 -0.000595465
    0.562154   -0.0277535     0.826567    0.0187838
8.08
     0.82346    -0.045968     -0.56551     0.106067
   0.0536188     0.998557  -0.00309245 -0.000592178
    0.564836   -0.0277754     0.824736    0.0189553
8.1
    0.821597   -0.0460888    -0.568203     0.106028
   0.0537999     0.998547    -0.003203 -0.000592116
    0.567525   -0.0279377     0.822882    0.0190926
8.12
    0.819681   -0.0464096    -0.570937     0.105998
   0.0542477     0.998522  -0.00328432 -0.000583179
    0.570246   -0.0282799     0.820987    0.0192001
8.16
    0.815861   -0.0473817    -0.576303     0.105931
   0.0555926     0.998448  -0.00338759 -0.000581886
    0.575569   -0.0292744     0.817229    0.0194211
8.18
    0.813923   -0.0478561    -0.578999     0.105891
   0.0562634      0.99841   -0.0034299 -0.000566474
    0.578242   -0.0297848     0.815321    0.0196588
8.2
    0.811921   -0.0482023    -0.581774     0.105837
    0.056744     0.998383  -0.00352842 -0.000559045
    0.581003   -0.0301474     0.813343    0.0199399
8.22
    0.809852    -0.048388    -0.584635     0.105788
   0.0569679     0.998369  -0.00371785 -0.000561181
    0.583862   -0.0302945     0.811288    0.0201535
8.24
    0.807644   -0.0484014    -0.587681     0.105728
    0.057003     0.998366  -0.00388681 -0.000573974
    0.586909   -0.0303604     0.809083    0.0204059
8.26
    0.805081   -0.0482725    -0.591197     0.105689
   0.0568764     0.998373  -0.00406592 -0.000585785
    0.590431   -0.0303518     0.806517    0.0206389
8.28
    0.802293   -0.0480239    -0.594995     0.105633
   0.0566004     0.998388  -0.00426284 -0.000618344
    0.594241   -0.0302569     0.803718    0.0208675
8.3
   0.799506  -0.0478505   -0.598749    0.105591
  0.0564217    0.998397 -0.00444974 -0.00061623
   0.598002  -0.0302248    0.800925   0.0209681
8.32
    0.796932   -0.0479537    -0.602163     0.105625
    0.056654     0.998384  -0.00452844 -0.000722974
    0.601407   -0.0305061      0.79836    0.0206321
8.34
    0.794191   -0.0480668    -0.605764     0.105555
   0.0568253     0.998373  -0.00471881 -0.000689563
    0.605005   -0.0306751      0.79563    0.0208344
8.36
    0.791604    -0.048322    -0.609121     0.105517
   0.0571989     0.998351   -0.0048651 -0.000676528
    0.608351   -0.0309898     0.793062    0.0209191
8.38
    0.789077   -0.0486715    -0.612363     0.105455
   0.0576877     0.998322  -0.00501304 -0.000671537
    0.611579   -0.0313702     0.790561    0.0211229
8.4
   0.786456  -0.0491832   -0.615685    0.105401
  0.0584071     0.99828 -0.00513894 -0.00068191
   0.614878  -0.0319188    0.787976   0.0212966
8.42
    0.783697   -0.0498195    -0.619142     0.105327
   0.0592458     0.998229  -0.00533086 -0.000675329
    0.618311   -0.0325038     0.785261    0.0216226
8.44
    0.780696   -0.0505479    -0.622863     0.105253
   0.0602107      0.99817   -0.0055376 -0.000691288
    0.622004   -0.0331798     0.782311    0.0219581
8.46
    0.777418   -0.0512593    -0.626893     0.105163
   0.0611621     0.998111  -0.00576493 -0.000696347
    0.626004   -0.0338603     0.779084    0.0223065
8.52
    0.767134   -0.0521582    -0.639364     0.104857
   0.0624351     0.998028  -0.00650531 -0.000669511
    0.638442   -0.0349283     0.768877    0.0232235
8.54
    0.764475   -0.0519589    -0.642556     0.104735
   0.0621761     0.998042  -0.00673107 -0.000625852
    0.641648   -0.0348059     0.766209     0.023252
8.56
    0.762672   -0.0519679    -0.644695     0.104767
   0.0622772     0.998036  -0.00677651 -0.000725656
    0.643781   -0.0349816      0.76441    0.0223326
8.58
    0.760843   -0.0520597    -0.646844     0.104703
   0.0624813     0.998023  -0.00683049 -0.000739111
    0.645921   -0.0352187     0.762592    0.0223465
8.6
    0.758817   -0.0525272    -0.649183     0.104738
   0.0632036     0.997977  -0.00687166 -0.000767347
     0.64823   -0.0358164     0.760601    0.0223601
8.62
    0.756478   -0.0532378    -0.651849     0.104722
   0.0642326     0.997911  -0.00695867 -0.000786385
    0.650858   -0.0366059     0.758317      0.02249
8.64
    0.753841   -0.0540427     -0.65483       0.1047
    0.065367     0.997836  -0.00710014 -0.000794818
    0.653797   -0.0374519     0.755743    0.0227252
8.66
    0.750811    -0.054504    -0.658265     0.104645
   0.0659856     0.997793  -0.00735414 -0.000786559
    0.657213   -0.0379145     0.752751    0.0231216
8.68
    0.747581   -0.0544775    -0.661932       0.1046
   0.0659861     0.997792   -0.0075947 -0.000805197
    0.660884   -0.0380007     0.749525    0.0233278
8.7
    0.744108   -0.0544064    -0.665841     0.104557
   0.0658841     0.997796  -0.00790222 -0.000801973
    0.664803   -0.0379882     0.746052    0.0235066
8.72
    0.740571   -0.0544004    -0.669772     0.104536
   0.0658532     0.997795  -0.00822882 -0.000794064
    0.668743   -0.0380126     0.742521    0.0235398
8.74
    0.737017   -0.0546127    -0.673665     0.104463
   0.0661403     0.997774  -0.00852735 -0.000806357
    0.672631   -0.0382716     0.738988     0.023657
8.76
    0.733584    -0.055093    -0.677362     0.104394
   0.0668206     0.997726  -0.00878294 -0.000823663
    0.676306   -0.0388187     0.735597    0.0236629
8.8
    0.726959   -0.0563637    -0.684364     0.104239
   0.0687005     0.997595  -0.00918483 -0.000819817
    0.683236   -0.0403392     0.729083    0.0238899
8.82
    0.723469   -0.0570519    -0.687996     0.104175
   0.0697166     0.997522  -0.00940825 -0.000821862
    0.686828   -0.0411581     0.725654    0.0241324
8.84
    0.719672   -0.0576254    -0.691919     0.104131
   0.0705898     0.997459  -0.00965056 -0.000846197
    0.690716   -0.0418972     0.721911    0.0244135
8.86
   0.716131  -0.0580615   -0.695547    0.104329
  0.0713275    0.997405 -0.00982103 -0.00100187
   0.694312  -0.0425785    0.718414   0.0231655
8.88
    0.712015   -0.0582818    -0.699742      0.10425
   0.0716809     0.997376   -0.0101339 -0.000994467
    0.698496   -0.0429426     0.714324     0.023384
8.9
   0.707779   -0.058589      -0.704     0.10415
  0.0721033    0.997342  -0.0105114 -0.00100129
   0.702745  -0.0433209    0.710122   0.0235521
8.94
   0.698635  -0.0598154   -0.712974    0.103996
   0.073756    0.997211  -0.0113889 -0.00100766
   0.711667  -0.0446294    0.701098   0.0238948
8.96
    0.693873   -0.0606231    -0.717541     0.103874
   0.0747925     0.997128   -0.0119192 -0.000987329
    0.716203   -0.0453963     0.696414    0.0241386
8.98
    0.689161   -0.0613182    -0.722009      0.10374
   0.0757558      0.99705   -0.0123674 -0.000999744
    0.720638   -0.0461733     0.691773    0.0243661
9
   0.684579    -0.06189   -0.726307    0.103621
  0.0765576    0.996983  -0.0127957 -0.00101843
   0.724907  -0.0468446    0.687252   0.0245392
9.02
   0.680019  -0.0623449   -0.730539    0.103486
  0.0771847    0.996929  -0.0132319 -0.00100753
    0.72912  -0.0473885    0.682743   0.0247777
9.04
   0.675774  -0.0626594   -0.734441    0.103255
  0.0776186     0.99689   -0.013632 -0.00104653
   0.733011  -0.0477941    0.678536   0.0245629
9.06
  0.671138 -0.0630904  -0.738643   0.103119
 0.0782191   0.996837 -0.0140732 -0.0010826
  0.737194 -0.0483309    0.67395  0.0247046
9.08
   0.666441  -0.0635664   -0.742843    0.102948
  0.0788801    0.996778  -0.0145288 -0.00109755
   0.741373  -0.0489129    0.669308    0.024961
9.1
   0.661677  -0.0641273   -0.747041    0.102859
  0.0796468     0.99671  -0.0150138 -0.00110658
   0.745547  -0.0495651    0.664608   0.0250753
9.12
   0.656856   -0.064696   -0.751236    0.102861
  0.0804306     0.99664  -0.0155041 -0.00108237
   0.749714  -0.0502384    0.659852   0.0251893
9.14
   0.652036  -0.0651205   -0.755386     0.10271
  0.0810102    0.996585  -0.0159873 -0.00107998
   0.753848  -0.0507697    0.655085   0.0253836
9.18
   0.642307   -0.065663   -0.763629    0.102323
  0.0817824    0.996507  -0.0168985 -0.00110379
   0.762071  -0.0515973    0.645434   0.0258774
9.2
   0.637347  -0.0659197   -0.767752    0.102151
  0.0821403    0.996469   -0.017369 -0.00109925
   0.766186  -0.0519933    0.640512   0.0260423
9.22
   0.632549  -0.0664131   -0.771668    0.101429
   0.082955    0.996395  -0.0177546 -0.00129275
   0.770065   -0.052783    0.635778   0.0264401
9.26
    0.62314  -0.0670179   -0.779234    0.101064
   0.083838    0.996305  -0.0186433 -0.00129699
   0.777604   -0.053712    0.626456   0.0267918
9.28
    0.61862  -0.0671261   -0.782818    0.101017
   0.083988    0.996284  -0.0190594 -0.00129305
   0.781189  -0.0539568    0.621959   0.0268224
9.32
   0.609531  -0.0678102   -0.789857    0.100711
  0.0849192    0.996187   -0.019992 -0.00128927
   0.788201  -0.0548883    0.612965   0.0271384
9.34
   0.604995  -0.0683365   -0.793292    0.100585
  0.0856849    0.996112  -0.0204615 -0.00130236
   0.791606  -0.0555941    0.608498   0.0272487
9.36
   0.600526  -0.0689001   -0.796631    0.100473
   0.086487    0.996033  -0.0209496 -0.00129491
   0.794914  -0.0563175    0.604102   0.0274019
9.38
   0.596207  -0.0692519   -0.799838    0.100346
  0.0870085    0.995978  -0.0213772 -0.00127916
   0.798102  -0.0568475    0.599835   0.0275108
9.4
   0.592124  -0.0693743   -0.802855    0.100205
  0.0872064    0.995953   -0.021743 -0.00126305
   0.801114  -0.0571395    0.595777   0.0275907
9.42
   0.588386   -0.069478   -0.805589   0.0995948
  0.0876208    0.995913  -0.0218959 -0.00154618
   0.803818  -0.0577031     0.59207   0.0281607
9.44
   0.584728  -0.0697131   -0.808228   0.0994723
  0.0879897    0.995873  -0.0222404 -0.00152185
   0.806443  -0.0581112    0.588449   0.0281821
9.46
   0.581166   -0.070051   -0.810765   0.0993196
  0.0884836    0.995821   -0.022614 -0.00151113
    0.80896  -0.0585969    0.584935   0.0283297
9.48
   0.577822  -0.0704242   -0.813119   0.0992205
  0.0890433    0.995763  -0.0229667 -0.00152164
   0.811291  -0.0591321    0.581644   0.0283323
9.5
   0.574762  -0.0706879   -0.815262   0.0990538
  0.0894532    0.995719  -0.0232699 -0.00150983
   0.813417  -0.0595532    0.578624   0.0283476
9.52
  0.571868 -0.0707397   -0.81729  0.0989574
 0.0895788   0.995702 -0.0235026 -0.0014865
   0.81544 -0.0597715   0.575747  0.0284675
9.54
    0.56925  -0.0708124   -0.819109   0.0988271
  0.0897032    0.995686  -0.0237372 -0.00149648
   0.817256  -0.0599643    0.573147   0.0284352
9.56
   0.566726   -0.070984   -0.820843   0.0987082
  0.0899887    0.995654  -0.0239713 -0.00147798
   0.818977  -0.0602815    0.570651    0.028493
9.58
   0.564087  -0.0712924   -0.822632   0.0985559
  0.0904855    0.995603  -0.0242359 -0.00150985
   0.820743  -0.0607651    0.568058   0.0287399
9.62
   0.558316   -0.071927   -0.826505   0.0982977
  0.0914389      0.9955  -0.0248657 -0.00153322
   0.824574  -0.0616917     0.56238   0.0291069
9.64
  0.555346 -0.0719824  -0.828498  0.0981545
 0.0915579   0.995483 -0.0251188 -0.0015451
  0.826564 -0.0619059   0.559428  0.0292496
9.66
   0.552811  -0.0718193   -0.830206   0.0979875
  0.0912678    0.995504  -0.0253462 -0.00149453
   0.828293  -0.0617594     0.55688   0.0291164
9.68
   0.550608  -0.0717883   -0.831671   0.0978364
  0.0912324    0.995502  -0.0255295 -0.00149171
   0.829763  -0.0618186    0.554681   0.0293709
9.7
   0.548344  -0.0719979   -0.833148   0.0974888
  0.0914968    0.995471  -0.0258058 -0.00151217
   0.831232  -0.0620798    0.552448    0.029651
9.72
   0.545686  -0.0723253   -0.834862   0.0973469
  0.0919046    0.995424  -0.0261639 -0.00150336
   0.832934  -0.0624504    0.549836   0.0299059
9.74
   0.542878  -0.0726625   -0.836662   0.0971114
  0.0923635    0.995372   -0.026515 -0.00155742
   0.834717  -0.0628826    0.547077   0.0302366
9.76
   0.539746  -0.0728619   -0.838669   0.0969365
  0.0926305    0.995338  -0.0268584 -0.00158704
   0.836716  -0.0631896    0.543979   0.0304546
9.78
    0.53614  -0.0729441   -0.840972   0.0963068
  0.0931448    0.995288  -0.0269471 -0.00196403
   0.838974  -0.0638846    0.540408     0.03185
9.8
   0.532548  -0.0731094   -0.843236   0.0961648
  0.0933708    0.995256  -0.0273211 -0.00199326
   0.841234  -0.0641839    0.536848   0.0321286
9.82
   0.528818  -0.0733044   -0.845564   0.0960035
  0.0936766    0.995217  -0.0276927 -0.00201055
    0.84355  -0.0645652    0.533156   0.0323695
9.84
   0.524952  -0.0736235   -0.847941   0.0957532
  0.0941704    0.995159  -0.0281059 -0.00204585
   0.845906  -0.0650967    0.529344   0.0327341
9.86
   0.520891   -0.073914   -0.850417    0.095534
  0.0946442    0.995103  -0.0285186 -0.00206332
    0.84836  -0.0656319    0.525336   0.0329971
9.88
   0.516792  -0.0740971   -0.852898   0.0952641
  0.0948998    0.995066   -0.028946 -0.00209689
   0.850835  -0.0659808    0.521274   0.0332509
9.9
   0.512673  -0.0741672   -0.855374   0.0949891
  0.0950328    0.995042   -0.029319 -0.00210302
   0.853308  -0.0662575     0.51718   0.0335158
9.92
   0.508538  -0.0743164   -0.857827   0.0948172
    0.09529    0.995006  -0.0297108 -0.00211696
   0.855751  -0.0666332     0.51308   0.0336177
9.94
   0.504547  -0.0744336    -0.86017   0.0946978
   0.095614    0.994966   -0.030014 -0.00213241
   0.858073  -0.0671008    0.509124   0.0336204
9.96
  0.500726 -0.0745231  -0.862392  0.0945459
 0.0959261   0.994928  -0.030279 -0.0021283
  0.860274 -0.0675644   0.505335  0.0337053
9.98
   0.497342  -0.0745681   -0.864344   0.0944404
  0.0961137    0.994902  -0.0305279 -0.00211772
   0.862214  -0.0678924    0.501974   0.0334958
10
    0.49428  -0.0746308   -0.866093   0.0942848
   0.096235    0.994882  -0.0308071 -0.00207269
    0.86396  -0.0681212    0.498932   0.0335273
10.02
   0.491583  -0.0747201   -0.867619    0.094214
  0.0963592    0.994861  -0.0310823 -0.00208828
   0.865483  -0.0683236    0.496257   0.0334066
10.04
   0.488937  -0.0749383   -0.869095   0.0941842
  0.0969155    0.994802  -0.0312546 -0.00237449
   0.866919  -0.0689472    0.493658   0.0336578
10.06
   0.486637  -0.0751158   -0.870369   0.0939234
  0.0972062    0.994766  -0.0315022 -0.00245364
   0.868179  -0.0692751    0.491391   0.0337333
10.08
   0.484353  -0.0752743   -0.871628    0.093937
  0.0973849    0.994739  -0.0317906 -0.00247221
   0.869436  -0.0694856    0.489136   0.0337181
10.1
   0.482318  -0.0753279   -0.872752   0.0939781
  0.0974383    0.994727  -0.0320073 -0.00245232
    0.87056  -0.0696017    0.487114   0.0335454
10.12
   0.480434  -0.0753387   -0.873789   0.0939649
  0.0975363    0.994713  -0.0321367 -0.00244098
   0.871591  -0.0697866    0.485242   0.0334585
10.14
   0.478674  -0.0753767   -0.874751   0.0938755
  0.0976405    0.994698  -0.0322824 -0.00243627
   0.872547  -0.0699583    0.483496   0.0334364
10.16
   0.476917  -0.0754827   -0.875701   0.0937906
  0.0978576    0.994671  -0.0324433 -0.00247465
   0.873484  -0.0702213    0.481762   0.0335587
10.18
    0.47488  -0.0756214   -0.876796    0.093553
   0.098146    0.994637  -0.0326282 -0.00251455
   0.874561  -0.0705595    0.479755   0.0339484
10.2
   0.472691  -0.0757523   -0.877966    0.093398
  0.0983256    0.994611  -0.0328788 -0.00254037
   0.875726   -0.070785    0.477592   0.0341356
10.24
   0.467812  -0.0760113   -0.880553   0.0929833
  0.0987647    0.994551   -0.033381 -0.00259501
   0.878292  -0.0713515     0.47277   0.0346276
10.26
   0.465045  -0.0761796   -0.882003   0.0927517
  0.0990349    0.994514  -0.0336801 -0.00264366
    0.87973  -0.0716864    0.470038   0.0349348
10.46
   0.426207  -0.0784338   -0.901219   0.0895555
   0.102812    0.993979  -0.0378845 -0.00315794
   0.898764  -0.0765098    0.431705   0.0383147
10.48
   0.421112  -0.0786452   -0.903592   0.0890598
   0.103118    0.993926  -0.0384499 -0.00319882
   0.901128  -0.0769853    0.426664   0.0387099
10.5
  0.415471 -0.0790767  -0.906163  0.0889511
  0.103942   0.993816  -0.039069 -0.0034393
  0.903648  -0.077956   0.421121  0.0397255
10.52
  0.410542 -0.0792934  -0.908387  0.0884921
  0.104181   0.993767 -0.0396619 -0.0033688
   0.90587 -0.0783542   0.416244  0.0399627
10.54
   0.405846  -0.0795236   -0.910475     0.08819
   0.104459    0.993715  -0.0402312 -0.00338098
   0.907952  -0.0787798    0.411602   0.0398988
10.56
   0.401238  -0.0796543   -0.912504   0.0876679
   0.104693    0.993671  -0.0407048 -0.00348316
   0.909971  -0.0792005    0.407038   0.0402495
10.58
    0.39682  -0.0797576   -0.914425   0.0872711
   0.104895    0.993632  -0.0411464 -0.00351742
   0.911883  -0.0795906    0.402659   0.0404018
10.6
   0.392048  -0.0799478   -0.916464   0.0866433
   0.105603    0.993542  -0.0414966 -0.00390337
   0.913863  -0.0805125    0.397959   0.0414573
10.62
   0.387443  -0.0801697   -0.918401   0.0860025
   0.106079    0.993472  -0.0419717 -0.00399907
    0.91577  -0.0811613    0.393418   0.0421642
10.64
   0.382509   -0.080405   -0.920447   0.0855345
   0.106541      0.9934  -0.0425028 -0.00408429
   0.917789  -0.0818074    0.388551    0.042675
10.72
    0.36099  -0.0813614   -0.929014   0.0824166
   0.108183    0.993115  -0.0449385 -0.00452235
   0.926274  -0.0842807    0.367307   0.0453403
10.74
    0.35517   -0.081661   -0.931228   0.0816573
   0.108775     0.99302  -0.0455927 -0.00469917
   0.928451  -0.0851015    0.361574   0.0459783
10.76
   0.349146  -0.0819368   -0.933479   0.0807941
   0.109316     0.99293   -0.046268 -0.00479123
    0.93067    -0.08589    0.355634   0.0466686
10.78
   0.343144  -0.0821471   -0.935684   0.0802579
   0.109677    0.992858  -0.0469447 -0.00483118
   0.932858  -0.0865143    0.349702   0.0469488
10.8
    0.33722  -0.0821797   -0.937832   0.0769942
   0.110435    0.992758  -0.0472832 -0.00590423
   0.934926  -0.0876248    0.343853   0.0501972
10.84
    0.32601  -0.0824055   -0.941768   0.0765232
    0.11097    0.992642  -0.0484427 -0.00588567
   0.938831  -0.0887152    0.332756   0.0502379
10.86
   0.320736  -0.0825304   -0.943566   0.0762885
   0.111192    0.992589   -0.049022 -0.00586022
   0.940619  -0.0891939    0.327535   0.0502661
10.88
   0.315519  -0.0826591   -0.945312   0.0764291
   0.111388    0.992538  -0.0496102 -0.00576081
   0.942359  -0.0896439    0.322371   0.0502728
10.9
    0.31046  -0.0827398   -0.946979   0.0762345
   0.111549    0.992493  -0.0501461 -0.00574153
   0.944019  -0.0900659    0.317359   0.0503297
10.94
   0.300766   -0.082906   -0.950087   0.0760184
   0.112036    0.992388  -0.0511302 -0.00577405
   0.947094  -0.0910661    0.307765   0.0503992
10.96
   0.296048   -0.083009   -0.951559   0.0757968
   0.112262    0.992336  -0.0516393 -0.00573406
   0.948553  -0.0915362    0.303098   0.0505217
10.98
   0.291329  -0.0831094   -0.953006    0.075562
   0.112508    0.992282  -0.0521413 -0.00571963
   0.949984  -0.0920309    0.298431   0.0507502
11
   0.287435  -0.0824832   -0.954242   0.0748889
    0.11171    0.992373  -0.0521302 -0.00587504
   0.951264  -0.0916139    0.294457   0.0508457
11.04
   0.278815  -0.0825603   -0.956789   0.0744568
   0.111967    0.992298  -0.0529964 -0.00591095
   0.953795  -0.0923524    0.285912   0.0509155
11.06
    0.27484  -0.0825699   -0.957938   0.0744014
   0.112061    0.992267  -0.0533777 -0.00594117
   0.954937  -0.0926771    0.281967   0.0508054
11.08
   0.271034  -0.0826072   -0.959018     0.07405
   0.112133    0.992237   -0.053778 -0.00595947
   0.956016  -0.0929617    0.278193   0.0509668
11.1
   0.267358   -0.082642   -0.960047    0.073792
   0.112205    0.992208  -0.0541632 -0.00600805
   0.957042   -0.093241    0.274548   0.0510217
11.12
  0.263845 -0.0826554  -0.961017  0.0736652
  0.112184    0.99219 -0.0545367 -0.0060186
  0.958019 -0.0934211   0.271057  0.0510092
11.14
    0.26056  -0.0826378   -0.961915   0.0737179
   0.112138    0.992177  -0.0548621 -0.00602473
   0.958923  -0.0935727    0.267788   0.0508241
11.16
   0.257665  -0.0825861   -0.962698   0.0736437
   0.112013    0.992176  -0.0551347 -0.00580901
    0.95972  -0.0936288      0.2649   0.0505629
11.18
   0.255348  -0.0823278   -0.963338   0.0720137
   0.111853    0.992193  -0.0551454 -0.00586787
   0.960357  -0.0936713    0.262563   0.0517622
11.2
   0.253159  -0.0823164   -0.963916   0.0718025
   0.111859    0.992181  -0.0553518 -0.00586067
   0.960936  -0.0938103    0.260388   0.0516677
11.22
   0.251095  -0.0823186   -0.964456   0.0717276
   0.111939    0.992162  -0.0555402 -0.00584694
   0.961468  -0.0940141    0.258342   0.0516167
11.24
   0.249092  -0.0823492   -0.964972   0.0715695
   0.112103    0.992133  -0.0557295 -0.00586637
    0.96197  -0.0942945    0.256364   0.0517652
11.26
   0.247055  -0.0823603   -0.965495   0.0712228
   0.112244    0.992107  -0.0559088 -0.00593795
   0.962479  -0.0945589    0.254349   0.0519435
11.28
   0.245031  -0.0823315   -0.966013   0.0710807
   0.112237    0.992097  -0.0560854 -0.00592387
   0.962997  -0.0946799    0.252336   0.0520188
11.3
   0.243124  -0.0822957   -0.966498   0.0710965
   0.112128    0.992099  -0.0562696 -0.00583669
   0.963493  -0.0946913    0.250431   0.0519058
11.32
   0.241495  -0.0822345   -0.966911    0.071215
   0.112027    0.992103  -0.0563973 -0.00583585
   0.963914  -0.0947006      0.2488   0.0516106
11.34
   0.240212  -0.0821847   -0.967235   0.0713134
   0.111967    0.992105  -0.0564909 -0.00579144
   0.964241  -0.0947289    0.247517   0.0513935
11.36
  0.239139 -0.0821693  -0.967502  0.0713937
  0.112002   0.992096 -0.0565744 -0.0057231
  0.964504 -0.0948329   0.246452  0.0512547
11.4
   0.236959  -0.0821988   -0.968036   0.0707978
   0.112201    0.992062  -0.0567741 -0.00586467
   0.965019   -0.095161    0.244301   0.0518557
11.42
   0.235579  -0.0822368    -0.96837   0.0704743
   0.112384    0.992034  -0.0569063 -0.00596649
   0.965335  -0.0954238    0.242944   0.0521772
11.44
   0.233877  -0.0822603    -0.96878   0.0700605
   0.112559    0.992005   -0.057059 -0.00609374
   0.965729  -0.0957005    0.241267   0.0526885
11.46
   0.231844  -0.0823145   -0.969264   0.0692883
   0.112783    0.991968  -0.0572655 -0.00624517
   0.966193  -0.0960396    0.239266   0.0533827
11.48
   0.229547  -0.0823543   -0.969807   0.0689275
   0.112929    0.991938  -0.0575039 -0.00627454
   0.966724    -0.09632    0.236996   0.0537254
11.5
  0.227124  -0.082378  -0.970376  0.0686537
  0.113051    0.99191 -0.0577458 -0.0063722
  0.967282 -0.0965861   0.234599  0.0538886
11.52
    0.22481  -0.0823423   -0.970917   0.0684061
   0.112999    0.991903  -0.0579579 -0.00633767
   0.967828  -0.0966832    0.232294   0.0540205
11.54
    0.22275  -0.0822733   -0.971398    0.068182
   0.112955      0.9919  -0.0581082 -0.00640069
    0.96831  -0.0967806    0.230238   0.0539797
11.56
   0.220993  -0.0822591     -0.9718   0.0684223
   0.112914    0.991894  -0.0582827 -0.00628196
   0.968717  -0.0968495     0.22849   0.0535922
11.58
    0.21939  -0.0822761   -0.972162   0.0683346
   0.113048     0.99187  -0.0584322 -0.00625826
   0.969066  -0.0970816    0.226907   0.0535619
11.6
   0.217826  -0.0823158    -0.97251    0.068023
   0.113262    0.991837   -0.058583 -0.00629528
   0.969393  -0.0973872    0.225371   0.0538181
11.62
   0.216119  -0.0823515   -0.972888   0.0676548
   0.113447    0.991805  -0.0587515 -0.00638295
   0.969754  -0.0976738    0.223691   0.0541426
11.74
   0.202527  -0.0823909   -0.975805   0.0650879
    0.11411    0.991652  -0.0600457 -0.00678372
   0.972606  -0.0991878    0.210238    0.055852
11.76
   0.200429  -0.0824231   -0.976235   0.0648933
   0.114217    0.991626  -0.0602729 -0.00679068
   0.973028  -0.0994221    0.208165   0.0560549
11.78
   0.198346  -0.0825523   -0.976649   0.0625836
   0.114989    0.991525  -0.0604568 -0.00715857
   0.973363   -0.100313    0.206158   0.0583032
11.8
   0.195898  -0.0826413   -0.977136    0.061588
   0.115366    0.991465  -0.0607244 -0.00738733
   0.973814   -0.100832     0.20376   0.0591728
11.84
  0.189878 -0.0828294  -0.978307  0.0598843
  0.116047   0.991344 -0.0614098 -0.0077433
  0.974925  -0.101869   0.197847   0.060709
11.86
   0.186501  -0.0828801   -0.978953   0.0591883
   0.116219      0.9913  -0.0617845 -0.00787599
   0.975557    -0.10225     0.19451   0.0612494
11.88
  0.183016 -0.0829398  -0.979605  0.0584809
  0.116456   0.991248 -0.0621686 -0.0079462
  0.976188  -0.102703   0.191073  0.0616974
11.9
   0.179307  -0.0830649    -0.98028   0.0573166
   0.116858    0.991173  -0.0626129 -0.00819964
   0.976828   -0.103327    0.187431   0.0626795
11.92
  0.175288 -0.0832308  -0.980993   0.056187
  0.117372    0.99108 -0.0631141  -0.008377
  0.977496  -0.104078   0.183493  0.0636796
11.94
    0.17108  -0.0833381   -0.981726   0.0554846
   0.117699     0.99101  -0.0636154 -0.00844531
   0.978202   -0.104665    0.179351   0.0641387
11.96
   0.166895  -0.0833312   -0.982447   0.0546886
   0.117871    0.990962  -0.0640299 -0.00860569
   0.978904   -0.105116    0.175209   0.0644958
11.98
   0.163036   -0.083232   -0.983103   0.0542009
   0.117736    0.990956  -0.0643718 -0.00858608
    0.97957   -0.105252    0.171361   0.0644227
12
   0.159618  -0.0831556    -0.98367   0.0537229
   0.117567    0.990955  -0.0646941 -0.00850954
   0.980153   -0.105321     0.16795   0.0643386
12.02
   0.156492  -0.0831749   -0.984171   0.0536345
   0.117714    0.990916  -0.0650274 -0.00852176
   0.980639   -0.105674    0.164861   0.0642468
12.04
   0.153404  -0.0832413   -0.984651   0.0531436
   0.118057    0.990853  -0.0653729 -0.00860642
   0.981086   -0.106216    0.161828   0.0647203
12.1
   0.142402  -0.0834611   -0.986284   0.0496162
   0.119156    0.990638  -0.0666254 -0.00926984
    0.98261   -0.108034    0.151014   0.0679113
12.12
  0.137843 -0.0834966  -0.986928  0.0487777
  0.119442    0.99057 -0.0671224  -0.009432
  0.983226  -0.108628   0.146516  0.0686368
12.14
   0.133107  -0.0835422   -0.987574   0.0475089
   0.119797    0.990491  -0.0676425 -0.00957977
   0.983835   -0.109305    0.141849   0.0695816
12.18
  0.123659 -0.0834896  -0.988806   0.042939
  0.120939   0.990294 -0.0684908 -0.0111943
  0.984928  -0.111116   0.132556  0.0744486
12.2
  0.119303 -0.0834618  -0.989344  0.0418765
  0.121012   0.990254 -0.0689461 -0.0112394
  0.985456  -0.111497    0.12824  0.0749909
12.22
  0.115036 -0.0833938  -0.989855  0.0406732
  0.121152   0.990209  -0.069344 -0.0114755
  0.985946  -0.111945   0.124013   0.075284
12.26
  0.105917 -0.0834923  -0.990864  0.0363122
  0.122095   0.990021   -0.07037 -0.0122729
  0.986851  -0.113526   0.115054  0.0768395
12.28
  0.100819 -0.0834884  -0.991396  0.0341671
   0.12251   0.989931 -0.0709065 -0.0129913
  0.987333  -0.114307   0.110033  0.0778817
12.38
 0.0744118 -0.0834517   -0.99373  0.0252549
  0.123526   0.989589 -0.0738541 -0.0141854
  0.989547  -0.117256  0.0839456  0.0810387
12.4
 0.0697865 -0.0834175  -0.994068  0.0236808
  0.123606   0.989541 -0.0743601 -0.0143535
  0.989874  -0.117683  0.0793675  0.0812356
12.42
 0.0641683 -0.0826282  -0.994512   0.020827
  0.122851    0.98964 -0.0742968 -0.0157383
  0.990348   -0.11741  0.0736545  0.0861896
12.46
 0.0550374 -0.0825602  -0.995065  0.0160536
   0.12355    0.98948 -0.0752633 -0.0166401
  0.990811  -0.118798  0.0646588  0.0885441
12.48
 0.0502006 -0.0825207  -0.995324  0.0134716
  0.123863   0.989401 -0.0757825 -0.0171529
  0.991029  -0.119479  0.0598898  0.0900702
12.52
 0.0406313 -0.0824395  -0.995767 0.00970631
  0.124349    0.98926 -0.0768268 -0.0180088
  0.991406  -0.120701  0.0504462  0.0906809
12.54
 0.0359659 -0.0824075   -0.99595 0.00802619
  0.124541   0.989195 -0.0773512 -0.0183543
  0.991562  -0.121255  0.0458404  0.0908991
12.56
 0.0313918 -0.0823579  -0.996108 0.00619583
  0.124688   0.989137 -0.0778521 -0.0187484
  0.991699  -0.121759  0.0413198  0.0914217
12.58
 0.0269615 -0.0822881  -0.996244 0.00462897
  0.124837   0.989081  -0.078318  -0.019022
  0.991811  -0.122256  0.0369397  0.0919879
12.62
  0.0181687   -0.082187   -0.996451 0.000688983
   0.125303    0.988946  -0.0792833  -0.0199055
   0.991952   -0.123417   0.0282661   0.0932903
12.64
  0.0134548  -0.0821297   -0.996531 -0.00232239
   0.125588    0.988868  -0.0798025  -0.0207139
   0.991991   -0.124078   0.0236195   0.0947633
12.66
 0.00864354  -0.0820951   -0.996587 -0.00490385
   0.125789    0.988797  -0.0803624  -0.0213046
   0.992019   -0.124665   0.0188734   0.0954734
12.68
 0.00370927  -0.0820112   -0.996625 -0.00670977
   0.125849    0.988746  -0.0808945  -0.0218629
   0.992042   -0.125124   0.0139885   0.0962784
12.72
-0.00619753  -0.0812409   -0.996675 -0.00138377
   0.124397     0.98889  -0.0813799  -0.0228742
   0.992213   -0.124487  0.00397743   0.0926567
12.74
 -0.0106663  -0.0811207   -0.996647 -0.00261389
   0.124319    0.988863  -0.0818176  -0.0232923
   0.992185   -0.124775 -0.00046267   0.0924746
12.76
 -0.0150792  -0.0810365   -0.996597 -0.00438409
   0.124326    0.988824  -0.0822856  -0.0237664
   0.992127   -0.125144 -0.00483574   0.0930688
12.78
 -0.0194766  -0.0810031   -0.996524 -0.00598551
   0.124459    0.988764  -0.0828048  -0.0240568
   0.992034   -0.125639 -0.00917615   0.0931892
12.82
-0.0288685 -0.0808332  -0.996309 -0.0104728
  0.124823   0.988632  -0.083827 -0.0253558
  0.991759  -0.126782 -0.0184505  0.0943958
12.84
-0.0337779 -0.0807604  -0.996161   -0.01259
  0.124801   0.988587 -0.0843782  -0.025802
  0.991607  -0.127172 -0.0233134  0.0948609
12.86
-0.0387601 -0.0806561  -0.995988 -0.0147097
  0.124737    0.98855  -0.084908  -0.026411
  0.991432  -0.127528 -0.0282555  0.0953596
12.88
  -0.04375 -0.0805516   -0.99579 -0.0166415
  0.124793   0.988497 -0.0854445 -0.0269385
  0.991218  -0.128006 -0.0331945  0.0956832
12.9
-0.0490536 -0.0802046  -0.995571 -0.0202704
  0.123843    0.98859 -0.0857442 -0.0288364
  0.991089    -0.1275 -0.0385612   0.103318
12.92
-0.0539145  -0.080114  -0.995327 -0.0232787
  0.124098   0.988511 -0.0862875 -0.0296729
  0.990804   -0.12817 -0.0433531   0.104131
12.94
 -0.058913 -0.0799948  -0.995053 -0.0260345
  0.124309   0.988438 -0.0868228 -0.0304732
  0.990493  -0.128809 -0.0482877   0.105023
12.96
-0.0641596 -0.0798466   -0.99474 -0.0297505
  0.124495   0.988366 -0.0873647 -0.0315382
  0.990144  -0.129446 -0.0534726   0.106003
12.98
-0.0698197 -0.0795988  -0.994379 -0.0348488
  0.124763   0.988288 -0.0878714 -0.0332662
